% function evaluation | noise-free fitness - Fopt (1.026100000000e+02) | best noise-free fitness - Fopt | measured fitness | best measured fitness | x1 | x2...
1 +3.207069576e+01 +3.207069576e+01 +1.346806958e+02 +1.346806958e+02 +2.3088e+00 -8.9919e-01
6 +1.473301920e+01 +1.473301920e+01 +1.173430192e+02 +1.173430192e+02 -1.0283e+00 -1.5248e+00
84 +7.123388816e+00 +7.123388816e+00 +1.097333888e+02 +1.097333888e+02 +2.6375e+00 -1.7733e+00
174 +4.910495465e+00 +4.910495465e+00 +1.075204955e+02 +1.075204955e+02 -1.3289e+00 +1.3184e+00
566 +3.151508710e+00 +3.151508710e+00 +1.057615087e+02 +1.057615087e+02 +3.6977e+00 -4.0060e+00
1744 +4.710496923e-01 +4.710496923e-01 +1.030810497e+02 +1.030810497e+02 -1.0135e+00 +1.2018e+00
95088 +1.913827026e-01 +1.913827026e-01 +1.028013827e+02 +1.028013827e+02 -1.1036e+00 +1.2116e+00
% function evaluation | noise-free fitness - Fopt (9.330000000000e+01) | best noise-free fitness - Fopt | measured fitness | best measured fitness | x1 | x2...
1 +4.448297757e+01 +4.448297757e+01 +1.377829776e+02 +1.377829776e+02 +3.3494e+00 -1.6021e+00
2 +7.455945737e+00 +7.455945737e+00 +1.007559457e+02 +1.007559457e+02 -4.9513e-01 +2.8265e+00
163 +6.284556879e+00 +6.284556879e+00 +9.958455688e+01 +9.958455688e+01 -3.6043e+00 +2.3394e+00
571 +2.852532707e+00 +2.852532707e+00 +9.615253271e+01 +9.615253271e+01 +8.4868e-01 -1.8657e+00
4133 +2.243767500e+00 +2.243767500e+00 +9.554376750e+01 +9.554376750e+01 +1.1166e+00 -1.3347e+00
11622 +1.579201259e+00 +1.579201259e+00 +9.487920126e+01 +9.487920126e+01 +7.3461e-01 -1.1722e+00
17214 +9.472083895e-01 +9.472083895e-01 +9.424720839e+01 +9.424720839e+01 +1.1876e+00 -8.8461e-01
46786 +1.309470260e-01 +1.309470260e-01 +9.343094703e+01 +9.343094703e+01 +1.1609e+00 -1.1433e+00
% function evaluation | noise-free fitness - Fopt (1.364000000000e+01) | best noise-free fitness - Fopt | measured fitness | best measured fitness | x1 | x2...
1 +6.575951265e+01 +6.575951265e+01 +7.939951265e+01 +7.939951265e+01 +4.7489e+00 -4.6756e-01
2 +2.540824087e+01 +2.540824087e+01 +3.904824087e+01 +3.904824087e+01 -2.9274e+00 -4.1771e+00
4 +1.844446715e+01 +1.844446715e+01 +3.208446715e+01 +3.208446715e+01 -2.7168e+00 -2.1064e+00
7 +1.147902174e+01 +1.147902174e+01 +2.511902174e+01 +2.511902174e+01 -1.4941e+00 -3.0785e+00
19 +8.561479438e+00 +8.561479438e+00 +2.220147944e+01 +2.220147944e+01 -3.1949e+00 -1.7427e+00
24 +5.367917776e+00 +5.367917776e+00 +1.900791778e+01 +1.900791778e+01 +2.2089e+00 +8.6801e-01
987 +2.930744585e+00 +2.930744585e+00 +1.657074459e+01 +1.657074459e+01 +1.5913e+00 +8.7102e-01
4351 +2.299618639e+00 +2.299618639e+00 +1.593961864e+01 +1.593961864e+01 -2.5077e+00 -2.5404e+00
10627 +1.559255202e+00 +1.559255202e+00 +1.519925520e+01 +1.519925520e+01 +7.0891e-01 +9.6856e-01
25987 +7.086173034e-01 +7.086173034e-01 +1.434861730e+01 +1.434861730e+01 +1.1253e+00 +1.0802e+00
29589 +6.308561629e-01 +6.308561629e-01 +1.427085616e+01 +1.427085616e+01 +1.2828e+00 +1.4851e+00
61880 +2.916618366e-01 +2.916618366e-01 +1.393166184e+01 +1.393166184e+01 +1.2171e+00 +1.0071e+00
% function evaluation | noise-free fitness - Fopt (1.948000000000e+02) | best noise-free fitness - Fopt | measured fitness | best measured fitness | x1 | x2...
1 +5.162205337e+01 +5.162205337e+01 +2.464220534e+02 +2.464220534e+02 -4.6470e+00 -3.3461e+00
2 +3.122150749e+01 +3.122150749e+01 +2.260215075e+02 +2.260215075e+02 -1.6397e+00 +2.6808e+00
3 +1.783460309e+01 +1.783460309e+01 +2.126346031e+02 +2.126346031e+02 -2.6420e+00 +1.1467e-01
24 +1.183390708e+01 +1.183390708e+01 +2.066339071e+02 +2.066339071e+02 +8.0769e-02 -2.2377e+00
49 +8.752460685e+00 +8.752460685e+00 +2.035524607e+02 +2.035524607e+02 +2.4192e+00 -2.6110e+00
82 +2.909743246e+00 +2.909743246e+00 +1.977097432e+02 +1.977097432e+02 -6.9319e-01 +1.6869e+00
1841 +2.400798179e+00 +2.400798179e+00 +1.972007982e+02 +1.972007982e+02 -9.0220e-01 +7.3708e-01
11100 +2.563164236e-01 +2.563164236e-01 +1.950563164e+02 +1.950563164e+02 -1.3601e+00 +1.2549e+00
% function evaluation | noise-free fitness - Fopt (-1.335900000000e+02) | best noise-free fitness - Fopt | measured fitness | best measured fitness | x1 | x2...
1 +1.440602619e+01 +1.440602619e+01 -1.191839738e+02 -1.191839738e+02 -2.2717e+00 -4.1442e-01
36 +3.075899133e+00 +3.075899133e+00 -1.305141009e+02 -1.305141009e+02 -3.1339e+00 +4.0591e+00
5532 +1.902266352e+00 +1.902266352e+00 -1.316877336e+02 -1.316877336e+02 +1.3930e+00 -1.6959e+00
7941 +3.658966044e-01 +3.658966044e-01 -1.332241034e+02 -1.332241034e+02 +1.4897e+00 -1.3113e+00
% function evaluation | noise-free fitness - Fopt (1.543700000000e+02) | best noise-free fitness - Fopt | measured fitness | best measured fitness | x1 | x2...
1 +1.040898849e+01 +1.040898849e+01 +1.647789885e+02 +1.647789885e+02 -1.8380e+00 +3.8248e+00
38 +7.508906431e+00 +7.508906431e+00 +1.618789064e+02 +1.618789064e+02 -1.7747e+00 +4.5688e-01
217 +5.078704439e+00 +5.078704439e+00 +1.594487044e+02 +1.594487044e+02 -2.5301e+00 +2.6629e+00
376 +3.493498423e+00 +3.493498423e+00 +1.578634984e+02 +1.578634984e+02 -4.4246e+00 +2.7255e+00
2131 +1.918928355e+00 +1.918928355e+00 +1.562889284e+02 +1.562889284e+02 +1.2735e+00 -1.0857e+00
21838 +5.534653794e-01 +5.534653794e-01 +1.549234654e+02 +1.549234654e+02 +1.2204e+00 -9.2996e-01
65008 +3.542626973e-01 +3.542626973e-01 +1.547242627e+02 +1.547242627e+02 +1.2463e+00 -1.2457e+00
% function evaluation | noise-free fitness - Fopt (-2.883300000000e+02) | best noise-free fitness - Fopt | measured fitness | best measured fitness | x1 | x2...
1 +3.834975158e+01 +3.834975158e+01 -2.499802484e+02 -2.499802484e+02 -3.3379e+00 +5.4266e-01
2 +2.083402110e+01 +2.083402110e+01 -2.674959789e+02 -2.674959789e+02 +1.6208e+00 -6.0794e-01
5 +1.427458093e+01 +1.427458093e+01 -2.740554191e+02 -2.740554191e+02 +2.3827e+00 +1.0686e+00
13 +9.583802961e+00 +9.583802961e+00 -2.787461970e+02 -2.787461970e+02 +3.9678e+00 -4.4654e+00
16 +4.621632007e+00 +4.621632007e+00 -2.837083680e+02 -2.837083680e+02 +1.5223e+00 -4.1206e+00
670 +1.639950914e+00 +1.639950914e+00 -2.866900491e+02 -2.866900491e+02 -9.5361e-01 +7.3773e-01
1459 +1.261355895e+00 +1.261355895e+00 -2.870686441e+02 -2.870686441e+02 -1.1826e+00 +7.8051e-01
5947 +9.340904123e-01 +9.340904123e-01 -2.873959096e+02 -2.873959096e+02 -1.2537e+00 +1.2841e+00
69476 +5.377192392e-01 +5.377192392e-01 -2.877922808e+02 -2.877922808e+02 -1.2237e+00 +1.4418e+00
120182 +3.294053696e-01 +3.294053696e-01 -2.880005946e+02 -2.880005946e+02 -1.2526e+00 +1.2574e+00
% function evaluation | noise-free fitness - Fopt (-5.381100000000e+02) | best noise-free fitness - Fopt | measured fitness | best measured fitness | x1 | x2...
1 +4.985729832e+01 +4.985729832e+01 -4.882527017e+02 -4.882527017e+02 -3.0428e+00 -3.4161e+00
2 +2.836391475e+01 +2.836391475e+01 -5.097460852e+02 -5.097460852e+02 -1.3740e+00 +4.4402e+00
3 +2.410625983e+01 +2.410625983e+01 -5.140037402e+02 -5.140037402e+02 +4.1620e+00 +1.3518e+00
6 +5.525612577e+00 +5.525612577e+00 -5.325843874e+02 -5.325843874e+02 +3.7885e+00 +1.1231e+00
142 +3.651679167e+00 +3.651679167e+00 -5.344583208e+02 -5.344583208e+02 -1.0150e+00 -1.9576e+00
1463 +9.611323457e-01 +9.611323457e-01 -5.371488677e+02 -5.371488677e+02 -1.2344e+00 -7.7401e-01
18369 +5.653610809e-01 +5.653610809e-01 -5.375446389e+02 -5.375446389e+02 -1.5041e+00 -1.0067e+00
80461 +2.813516355e-01 +2.813516355e-01 -5.378286484e+02 -5.378286484e+02 -1.4075e+00 -1.2766e+00
188432 +2.427028348e-01 +2.427028348e-01 -5.378672972e+02 -5.378672972e+02 -1.1405e+00 -1.0618e+00
% function evaluation | noise-free fitness - Fopt (7.478200000000e+02) | best noise-free fitness - Fopt | measured fitness | best measured fitness | x1 | x2...
1 +4.836819869e+01 +4.836819869e+01 +7.961881987e+02 +7.961881987e+02 -3.5033e+00 +4.4674e+00
2 +2.757965399e+01 +2.757965399e+01 +7.753996540e+02 +7.753996540e+02 +3.5297e+00 -5.0243e-01
3 +1.478812880e+01 +1.478812880e+01 +7.626081288e+02 +7.626081288e+02 +3.3051e+00 +4.9480e+00
29 +4.293810095e+00 +4.293810095e+00 +7.521138101e+02 +7.521138101e+02 -5.3151e-01 -5.9922e-01
979 +3.116660887e+00 +3.116660887e+00 +7.509366609e+02 +7.509366609e+02 +2.4205e+00 +3.4355e+00
1339 +2.212176553e+00 +2.212176553e+00 +7.500321766e+02 +7.500321766e+02 -1.3805e+00 -1.8570e+00
1786 +9.815666075e-01 +9.815666075e-01 +7.488015666e+02 +7.488015666e+02 -1.2519e+00 -1.2530e+00
115074 +4.697114244e-01 +4.697114244e-01 +7.482897114e+02 +7.482897114e+02 -9.7598e-01 -1.1937e+00
169955 +2.720514060e-01 +2.720514060e-01 +7.480920514e+02 +7.480920514e+02 -1.0475e+00 -1.1108e+00
% function evaluation | noise-free fitness - Fopt (1.667000000000e+01) | best noise-free fitness - Fopt | measured fitness | best measured fitness | x1 | x2...
1 +3.495577262e+01 +3.495577262e+01 +5.162577262e+01 +5.162577262e+01 -3.5495e+00 +2.3855e+00
4 +1.738883451e+01 +1.738883451e+01 +3.405883451e+01 +3.405883451e+01 +2.1030e+00 +2.4311e-01
8 +4.735242930e+00 +4.735242930e+00 +2.140524293e+01 +2.140524293e+01 +1.5129e+00 -1.9998e+00
53 +1.232047754e+00 +1.232047754e+00 +1.790204775e+01 +1.790204775e+01 -1.6513e+00 +1.2162e+00
22458 +2.104085165e-01 +2.104085165e-01 +1.688040852e+01 +1.688040852e+01 -1.1620e+00 +1.3247e+00
% function evaluation | noise-free fitness - Fopt (-6.277000000000e+01) | best noise-free fitness - Fopt | measured fitness | best measured fitness | x1 | x2...
1 +4.331416663e+01 +4.331416663e+01 -1.945583337e+01 -1.945583337e+01 +1.7096e+00 +4.2046e+00
2 +3.484145462e+01 +3.484145462e+01 -2.792854538e+01 -2.792854538e+01 +1.5115e-01 -2.6106e-02
5 +6.709545402e+00 +6.709545402e+00 -5.606045460e+01 -5.606045460e+01 -8.0352e-01 -3.2262e+00
176 +6.133056996e+00 +6.133056996e+00 -5.663694300e+01 -5.663694300e+01 -4.8630e+00 -3.9577e+00
764 +3.134608326e+00 +3.134608326e+00 -5.963539167e+01 -5.963539167e+01 +8.3613e-01 +1.0390e+00
1593 +1.953369639e+00 +1.953369639e+00 -6.081663036e+01 -6.081663036e+01 +1.5067e+00 +8.4697e-01
2255 +1.340378030e+00 +1.340378030e+00 -6.142962197e+01 -6.142962197e+01 +1.0452e+00 +1.6509e+00
2996 +8.037749043e-01 +8.037749043e-01 -6.196622510e+01 -6.196622510e+01 +9.8676e-01 +1.4717e+00
67247 +2.195093425e-01 +2.195093425e-01 -6.255049066e+01 -6.255049066e+01 +1.2188e+00 +1.0707e+00
% function evaluation | noise-free fitness - Fopt (1.096000000000e+01) | best noise-free fitness - Fopt | measured fitness | best measured fitness | x1 | x2...
1 +1.359171527e+01 +1.359171527e+01 +2.455171527e+01 +2.455171527e+01 +8.8531e-01 -5.3506e-01
50 +6.932699536e+00 +6.932699536e+00 +1.789269954e+01 +1.789269954e+01 -9.5319e-01 +4.5480e+00
97 +4.021368350e+00 +4.021368350e+00 +1.498136835e+01 +1.498136835e+01 -2.9088e+00 +3.6949e+00
130 +3.921705152e+00 +3.921705152e+00 +1.488170515e+01 +1.488170515e+01 -1.7682e+00 +1.8228e+00
1316 +1.259391369e+00 +1.259391369e+00 +1.221939137e+01 +1.221939137e+01 +1.4961e+00 -9.4163e-01
85805 +9.660595952e-01 +9.660595952e-01 +1.192605960e+01 +1.192605960e+01 +1.2442e+00 -1.2826e+00
120917 +3.719250702e-01 +3.719250702e-01 +1.133192507e+01 +1.133192507e+01 +1.3679e+00 -1.0165e+00
169756 +2.207758143e-01 +2.207758143e-01 +1.118077581e+01 +1.118077581e+01 +1.2524e+00 -1.4538e+00
% function evaluation | noise-free fitness - Fopt (9.038000000000e+01) | best noise-free fitness - Fopt | measured fitness | best measured fitness | x1 | x2...
1 +3.531681766e+01 +3.531681766e+01 +1.256968177e+02 +1.256968177e+02 -3.6902e+00 +3.3805e+00
6 +2.164916713e+01 +2.164916713e+01 +1.120291671e+02 +1.120291671e+02 -2.0705e+00 +2.2278e+00
17 +1.104140207e+01 +1.104140207e+01 +1.014214021e+02 +1.014214021e+02 -2.7394e+00 -1.8986e+00
87 +7.337611889e+00 +7.337611889e+00 +9.771761189e+01 +9.771761189e+01 -1.3546e+00 -2.1714e+00
291 +6.024920765e+00 +6.024920765e+00 +9.640492076e+01 +9.640492076e+01 -1.7413e+00 -4.8927e+00
386 +3.014784717e+00 +3.014784717e+00 +9.339478472e+01 +9.339478472e+01 -2.8109e+00 -2.5558e+00
2300 +2.329114410e+00 +2.329114410e+00 +9.270911441e+01 +9.270911441e+01 +1.8098e+00 +8.8080e-01
12438 +1.184255698e+00 +1.184255698e+00 +9.156425570e+01 +9.156425570e+01 +1.5459e+00 +1.7026e+00
14861 +9.661524223e-01 +9.661524223e-01 +9.134615242e+01 +9.134615242e+01 +1.6505e+00 +1.3771e+00
36541 +4.616348929e-01 +4.616348929e-01 +9.084163489e+01 +9.084163489e+01 +1.4214e+00 +1.2235e+00
160863 +3.501930913e-01 +3.501930913e-01 +9.073019309e+01 +9.073019309e+01 +1.3925e+00 +1.2410e+00
% function evaluation | noise-free fitness - Fopt (-2.635200000000e+02) | best noise-free fitness - Fopt | measured fitness | best measured fitness | x1 | x2...
1 +2.855284149e+01 +2.855284149e+01 -2.349671585e+02 -2.349671585e+02 +4.0360e+00 -3.1608e+00
2 +2.085931373e+01 +2.085931373e+01 -2.426606863e+02 -2.426606863e+02 +1.0510e+00 +1.6666e+00
27 +4.063924389e+00 +4.063924389e+00 -2.594560756e+02 -2.594560756e+02 +3.5948e+00 +2.3636e+00
374 +2.974452570e+00 +2.974452570e+00 -2.605455474e+02 -2.605455474e+02 +2.2364e+00 +3.7999e+00
2715 +2.235421542e+00 +2.235421542e+00 -2.612845785e+02 -2.612845785e+02 -7.5356e-01 -1.4613e+00
9557 +1.435388954e+00 +1.435388954e+00 -2.620846110e+02 -2.620846110e+02 -1.2755e+00 -1.3030e+00
53652 +7.635559212e-01 +7.635559212e-01 -2.627564441e+02 -2.627564441e+02 -1.2930e+00 -1.5471e+00
59197 +2.481858621e-01 +2.481858621e-01 -2.632718141e+02 -2.632718141e+02 -1.2721e+00 -1.2992e+00
% function evaluation | noise-free fitness - Fopt (3.101900000000e+02) | best noise-free fitness - Fopt | measured fitness | best measured fitness | x1 | x2...
1 +1.181144460e+01 +1.181144460e+01 +3.220014446e+02 +3.220014446e+02 +3.8374e+00 -3.5974e+00
2 +9.303937658e+00 +9.303937658e+00 +3.194939377e+02 +3.194939377e+02 +4.5880e+00 -3.8030e+00
46 +4.994374393e+00 +4.994374393e+00 +3.151843744e+02 +3.151843744e+02 -2.1042e+00 +5.8656e-01
806 +1.068064111e+00 +1.068064111e+00 +3.112580641e+02 +3.112580641e+02 -1.6551e+00 +1.2844e+00
37221 +9.189191727e-01 +9.189191727e-01 +3.111089192e+02 +3.111089192e+02 -1.2666e+00 +1.6440e+00
113720 +1.307976772e-01 +1.307976772e-01 +3.103207977e+02 +3.103207977e+02 -1.1143e+00 +1.2393e+00
% function evaluation | noise-free fitness - Fopt (-5.638000000000e+01) | best noise-free fitness - Fopt | measured fitness | best measured fitness | x1 | x2...
1 +2.835381751e+01 +2.835381751e+01 -2.802618249e+01 -2.802618249e+01 -7.9172e-01 +4.3063e+00
11 +2.085767436e+01 +2.085767436e+01 -3.552232564e+01 -3.552232564e+01 -2.1691e+00 +3.3709e+00
57 +8.902547389e+00 +8.902547389e+00 -4.747745261e+01 -4.747745261e+01 -1.7891e+00 +2.2685e+00
82 +6.013629239e+00 +6.013629239e+00 -5.036637076e+01 -5.036637076e+01 -3.8432e+00 +2.1545e+00
141 +1.808028540e+00 +1.808028540e+00 -5.457197146e+01 -5.457197146e+01 +1.1521e+00 -1.7109e+00
4770 +9.935250512e-01 +9.935250512e-01 -5.538647495e+01 -5.538647495e+01 +1.3698e+00 -1.4588e+00
5760 +5.716287798e-01 +5.716287798e-01 -5.580837122e+01 -5.580837122e+01 +9.8794e-01 -1.2203e+00
8733 +3.134886860e-01 +3.134886860e-01 -5.606651131e+01 -5.606651131e+01 +9.8238e-01 -1.2160e+00
% function evaluation | noise-free fitness - Fopt (-1.000000000000e+03) | best noise-free fitness - Fopt | measured fitness | best measured fitness | x1 | x2...
1 +3.973498446e+01 +3.973498446e+01 -9.602650155e+02 -9.602650155e+02 -2.6363e+00 -1.5405e+00
3 +2.354515273e+01 +2.354515273e+01 -9.764548473e+02 -9.764548473e+02 +2.4140e+00 -3.8688e+00
10 +1.401354818e+01 +1.401354818e+01 -9.859864518e+02 -9.859864518e+02 -4.4623e-02 -2.9569e+00
14 +7.137831705e+00 +7.137831705e+00 -9.928621683e+02 -9.928621683e+02 +1.5023e+00 -2.5240e+00
63 +4.842161391e+00 +4.842161391e+00 -9.951578386e+02 -9.951578386e+02 +3.5112e+00 -2.3008e+00
76 +1.591729110e+00 +1.591729110e+00 -9.984082709e+02 -9.984082709e+02 -1.5438e+00 +8.6821e-01
8946 +1.230570272e+00 +1.230570272e+00 -9.987694297e+02 -9.987694297e+02 -1.1209e+00 +1.5903e+00
80172 +6.592636131e-01 +6.592636131e-01 -9.993407364e+02 -9.993407364e+02 -1.5186e+00 +1.3370e+00
80338 +5.276351827e-01 +5.276351827e-01 -9.994723648e+02 -9.994723648e+02 -1.0045e+00 +1.4556e+00
% function evaluation | noise-free fitness - Fopt (3.548000000000e+01) | best noise-free fitness - Fopt | measured fitness | best measured fitness | x1 | x2...
1 +3.574285526e+01 +3.574285526e+01 +7.122285526e+01 +7.122285526e+01 -7.6079e-01 +2.4455e+00
2 +1.775236769e+01 +1.775236769e+01 +5.323236769e+01 +5.323236769e+01 +1.3565e+00 +1.2401e+00
4 +1.141304803e+01 +1.141304803e+01 +4.689304803e+01 +4.689304803e+01 -3.3205e+00 +8.9919e-01
69 +6.227492834e+00 +6.227492834e+00 +4.170749283e+01 +4.170749283e+01 +1.3735e+00 +1.8285e+00
482 +3.240086181e+00 +3.240086181e+00 +3.872008618e+01 +3.872008618e+01 -2.7991e+00 -3.9316e+00
538 +1.719712984e+00 +1.719712984e+00 +3.719971298e+01 +3.719971298e+01 +1.2169e+00 +1.8790e+00
7141 +1.257837972e+00 +1.257837972e+00 +3.673783797e+01 +3.673783797e+01 +1.2952e+00 +1.0701e+00
16623 +7.074827641e-01 +7.074827641e-01 +3.618748276e+01 +3.618748276e+01 +1.2993e+00 +1.1227e+00
27499 +2.744277584e-01 +2.744277584e-01 +3.575442776e+01 +3.575442776e+01 +1.2040e+00 +1.3972e+00
% function evaluation | noise-free fitness - Fopt (-5.263000000000e+01) | best noise-free fitness - Fopt | measured fitness | best measured fitness | x1 | x2...
1 +5.334225325e+01 +5.334225325e+01 +7.122532542e-01 +7.122532542e-01 -5.0870e-01 -4.4788e+00
2 +2.954407761e+01 +2.954407761e+01 -2.308592239e+01 -2.308592239e+01 -6.4413e-01 -8.1019e-01
5 +2.035407404e+01 +2.035407404e+01 -3.227592596e+01 -3.227592596e+01 -3.1099e+00 +3.0346e+00
12 +1.367661025e+01 +1.367661025e+01 -3.895338975e+01 -3.895338975e+01 +2.0636e+00 -6.8171e-02
48 +9.256441976e+00 +9.256441976e+00 -4.337355802e+01 -4.337355802e+01 -1.2987e+00 +1.1101e-01
388 +4.011607066e+00 +4.011607066e+00 -4.861839293e+01 -4.861839293e+01 +8.9090e-01 -6.4518e-01
470 +3.574393301e+00 +3.574393301e+00 -4.905560670e+01 -4.905560670e+01 -3.4692e+00 +1.5049e+00
557 +2.424344444e+00 +2.424344444e+00 -5.020565556e+01 -5.020565556e+01 -3.1919e+00 +3.3384e+00
8132 +2.727988024e-01 +2.727988024e-01 -5.235720120e+01 -5.235720120e+01 +1.2634e+00 -1.1039e+00
% function evaluation | noise-free fitness - Fopt (-6.888900000000e+02) | best noise-free fitness - Fopt | measured fitness | best measured fitness | x1 | x2...
1 +3.559749308e+01 +3.559749308e+01 -6.532925069e+02 -6.532925069e+02 -3.5030e+00 +2.6174e+00
12 +1.949820252e+01 +1.949820252e+01 -6.693917975e+02 -6.693917975e+02 +1.9274e-01 -4.8634e+00
16 +4.038279818e+00 +4.038279818e+00 -6.848517202e+02 -6.848517202e+02 +3.3583e+00 -2.9079e+00
713 +2.786116102e+00 +2.786116102e+00 -6.861038839e+02 -6.861038839e+02 +3.7643e+00 -2.1884e+00
1924 +2.037627563e+00 +2.037627563e+00 -6.868523724e+02 -6.868523724e+02 -8.9172e-01 +1.0802e+00
2629 +8.100285992e-01 +8.100285992e-01 -6.880799714e+02 -6.880799714e+02 -8.9167e-01 +1.0512e+00
59387 +5.290417764e-01 +5.290417764e-01 -6.883609582e+02 -6.883609582e+02 -1.4523e+00 +1.1703e+00
91865 +3.417356183e-01 +3.417356183e-01 -6.885482644e+02 -6.885482644e+02 -1.3515e+00 +1.4521e+00
% function evaluation | noise-free fitness - Fopt (-4.089000000000e+01) | best noise-free fitness - Fopt | measured fitness | best measured fitness | x1 | x2...
1 +5.838022653e+01 +5.838022653e+01 +1.749022653e+01 +1.749022653e+01 +2.3542e+00 +4.3387e+00
2 +3.933499169e+01 +3.933499169e+01 -1.555008306e+00 -1.555008306e+00 -3.4917e+00 +4.3304e-01
5 +1.375561308e+01 +1.375561308e+01 -2.713438692e+01 -2.713438692e+01 +3.3475e+00 -3.6187e+00
47 +6.843878914e+00 +6.843878914e+00 -3.404612109e+01 -3.404612109e+01 +4.8744e+00 -3.3407e+00
156 +1.616570636e+00 +1.616570636e+00 -3.927342936e+01 -3.927342936e+01 -9.3670e-01 +1.1748e+00
4789 +9.158285093e-01 +9.158285093e-01 -3.997417149e+01 -3.997417149e+01 -1.0853e+00 +1.2375e+00
27414 +4.160363780e-01 +4.160363780e-01 -4.047396362e+01 -4.047396362e+01 -1.4054e+00 +1.1448e+00
% function evaluation | noise-free fitness - Fopt (-2.512400000000e+02) | best noise-free fitness - Fopt | measured fitness | best measured fitness | x1 | x2...
1 +4.435421256e+01 +4.435421256e+01 -2.068857874e+02 -2.068857874e+02 +2.8812e+00 -3.0363e+00
4 +2.709456541e+01 +2.709456541e+01 -2.241454346e+02 -2.241454346e+02 -3.9097e+00 -2.4442e-01
7 +1.750641831e+01 +1.750641831e+01 -2.337335817e+02 -2.337335817e+02 -5.0885e-01 -3.1700e+00
8 +9.450557240e+00 +9.450557240e+00 -2.417894428e+02 -2.417894428e+02 -6.6178e-01 -4.8305e+00
43 +5.596286914e+00 +5.596286914e+00 -2.456437131e+02 -2.456437131e+02 -4.7537e+00 -3.6698e+00
390 +2.224149495e+00 +2.224149495e+00 -2.490158505e+02 -2.490158505e+02 +7.0062e-01 +1.0960e+00
13019 +1.560810961e+00 +1.560810961e+00 -2.496791890e+02 -2.496791890e+02 +1.0073e+00 +1.3570e+00
21202 +3.174846534e-01 +3.174846534e-01 -2.509225153e+02 -2.509225153e+02 +1.2764e+00 +1.4257e+00
% function evaluation | noise-free fitness - Fopt (-3.288000000000e+01) | best noise-free fitness - Fopt | measured fitness | best measured fitness | x1 | x2...
1 +1.862566198e+01 +1.862566198e+01 -1.425433802e+01 -1.425433802e+01 -2.3827e+00 +2.4446e+00
5 +9.719854106e+00 +9.719854106e+00 -2.316014589e+01 -2.316014589e+01 -1.1352e+00 +1.6871e+00
156 +6.297962738e+00 +6.297962738e+00 -2.658203726e+01 -2.658203726e+01 +1.4131e+00 -1.8663e+00
254 +3.486359307e+00 +3.486359307e+00 -2.939364069e+01 -2.939364069e+01 -1.2070e+00 +1.8055e+00
1084 +1.554517543e+00 +1.554517543e+00 -3.132548246e+01 -3.132548246e+01 -8.4179e-01 +1.6342e+00
21041 +7.708347244e-01 +7.708347244e-01 -3.210916528e+01 -3.210916528e+01 -1.2974e+00 +1.0535e+00
35705 +4.523468699e-02 +4.523468699e-02 -3.283476531e+01 -3.283476531e+01 -1.2629e+00 +1.1797e+00
% function evaluation | noise-free fitness - Fopt (-8.570000000000e+00) | best noise-free fitness - Fopt | measured fitness | best measured fitness | x1 | x2...
1 +8.978294468e+00 +8.978294468e+00 +4.082944680e-01 +4.082944680e-01 -1.7755e-01 -1.5925e+00
151 +3.852839092e+00 +3.852839092e+00 -4.717160908e+00 -4.717160908e+00 -1.4989e+00 -7.0443e-01
2912 +1.683288518e+00 +1.683288518e+00 -6.886711482e+00 -6.886711482e+00 -1.1689e+00 -1.6954e+00
4261 +4.934336339e-01 +4.934336339e-01 -8.076566366e+00 -8.076566366e+00 -1.0971e+00 -1.3428e+00
35613 +3.173640470e-01 +3.173640470e-01 -8.252635953e+00 -8.252635953e+00 -1.5260e+00 -1.2530e+00
73186 +1.553592456e-01 +1.553592456e-01 -8.414640754e+00 -8.414640754e+00 -1.2348e+00 -1.0702e+00
% function evaluation | noise-free fitness - Fopt (-1.402500000000e+02) | best noise-free fitness - Fopt | measured fitness | best measured fitness | x1 | x2...
1 +2.314238194e+01 +2.314238194e+01 -1.171076181e+02 -1.171076181e+02 -3.5228e+00 -1.8475e+00
11 +1.543580192e+01 +1.543580192e+01 -1.248141981e+02 -1.248141981e+02 -1.3046e+00 -1.1191e+00
12 +9.996100693e+00 +9.996100693e+00 -1.302538993e+02 -1.302538993e+02 -4.2451e-01 -1.8455e+00
152 +4.878846019e+00 +4.878846019e+00 -1.353711540e+02 -1.353711540e+02 -2.2453e+00 -1.5133e+00
1300 +2.941442549e+00 +2.941442549e+00 -1.373085575e+02 -1.373085575e+02 -4.0868e+00 -2.9835e+00
4101 +1.940522526e+00 +1.940522526e+00 -1.383094775e+02 -1.383094775e+02 +1.5243e+00 +1.5585e+00
9478 +7.981516874e-01 +7.981516874e-01 -1.394518483e+02 -1.394518483e+02 +1.2261e+00 +1.4121e+00
11208 +5.129398985e-01 +5.129398985e-01 -1.397370601e+02 -1.397370601e+02 +1.5651e+00 +1.1492e+00
% function evaluation | noise-free fitness - Fopt (2.817400000000e+02) | best noise-free fitness - Fopt | measured fitness | best measured fitness | x1 | x2...
1 +2.862604549e+01 +2.862604549e+01 +3.103660455e+02 +3.103660455e+02 -1.7172e+00 +6.5323e-01
8 +2.285158024e+01 +2.285158024e+01 +3.045915802e+02 +3.045915802e+02 +3.6305e+00 +9.8542e-01
27 +1.357013045e+01 +1.357013045e+01 +2.953101305e+02 +2.953101305e+02 +3.1333e+00 +3.1196e+00
71 +8.153099435e+00 +8.153099435e+00 +2.898930994e+02 +2.898930994e+02 +6.9530e-01 +4.3171e+00
130 +5.367689659e+00 +5.367689659e+00 +2.871076897e+02 +2.871076897e+02 +3.3042e+00 +4.2990e+00
162 +2.958138364e+00 +2.958138364e+00 +2.846981384e+02 +2.846981384e+02 +3.6157e+00 +2.6836e+00
4838 +1.870701116e+00 +1.870701116e+00 +2.836107011e+02 +2.836107011e+02 -8.7018e-01 -1.7675e+00
6928 +7.184074622e-01 +7.184074622e-01 +2.824584075e+02 +2.824584075e+02 -1.0472e+00 -1.1483e+00
104902 +5.915115159e-01 +5.915115159e-01 +2.823315115e+02 +2.823315115e+02 -1.4510e+00 -1.3543e+00
111324 +2.679603606e-01 +2.679603606e-01 +2.820079604e+02 +2.820079604e+02 -1.3430e+00 -1.3276e+00
% function evaluation | noise-free fitness - Fopt (7.814000000000e+01) | best noise-free fitness - Fopt | measured fitness | best measured fitness | x1 | x2...
1 +3.745341525e+01 +3.745341525e+01 +1.155934152e+02 +1.155934152e+02 -3.3865e-01 +5.5734e-01
6 +4.978315545e+00 +4.978315545e+00 +8.311831555e+01 +8.311831555e+01 -1.5820e+00 -1.6779e+00
128 +2.850990546e+00 +2.850990546e+00 +8.099099055e+01 +8.099099055e+01 +2.6260e+00 +3.4426e+00
461 +2.248546675e+00 +2.248546675e+00 +8.038854667e+01 +8.038854667e+01 -6.5270e-01 -1.6588e+00
4605 +1.323221674e+00 +1.323221674e+00 +7.946322167e+01 +7.946322167e+01 -1.5581e+00 -1.3626e+00
22063 +5.398498049e-01 +5.398498049e-01 +7.867984980e+01 +7.867984980e+01 -1.4882e+00 -1.3306e+00
% function evaluation | noise-free fitness - Fopt (-2.405100000000e+02) | best noise-free fitness - Fopt | measured fitness | best measured fitness | x1 | x2...
1 +3.891835882e+01 +3.891835882e+01 -2.015916412e+02 -2.015916412e+02 -1.2445e+00 -1.8137e+00
2 +2.303936834e+01 +2.303936834e+01 -2.174706317e+02 -2.174706317e+02 -3.1179e-01 +4.5278e+00
11 +1.451573297e+01 +1.451573297e+01 -2.259942670e+02 -2.259942670e+02 -1.4039e+00 -5.6060e-01
34 +5.480026244e+00 +5.480026244e+00 -2.350299738e+02 -2.350299738e+02 +2.9257e+00 +2.9471e+00
692 +3.563579100e+00 +3.563579100e+00 -2.369464209e+02 -2.369464209e+02 -1.5624e+00 -4.0397e-01
4625 +1.043799658e+00 +1.043799658e+00 -2.394662003e+02 -2.394662003e+02 -1.4979e+00 -8.2688e-01
31565 +5.365946647e-01 +5.365946647e-01 -2.399734053e+02 -2.399734053e+02 -1.3788e+00 -1.5425e+00
35527 +2.857095525e-01 +2.857095525e-01 -2.402242904e+02 -2.402242904e+02 -1.4165e+00 -1.2765e+00
% function evaluation | noise-free fitness - Fopt (-1.896000000000e+01) | best noise-free fitness - Fopt | measured fitness | best measured fitness | x1 | x2...
1 +2.155309679e+01 +2.155309679e+01 +2.593096794e+00 +2.593096794e+00 -2.5713e+00 -4.6471e-01
2 +1.212202184e+01 +1.212202184e+01 -6.837978158e+00 -6.837978158e+00 +1.8957e+00 -7.3770e-02
3 +4.938142649e+00 +4.938142649e+00 -1.402185735e+01 -1.402185735e+01 +2.7031e+00 -1.3447e+00
200 +3.592096008e+00 +3.592096008e+00 -1.536790399e+01 -1.536790399e+01 +3.6501e+00 -2.6515e+00
395 +2.297676889e+00 +2.297676889e+00 -1.666232311e+01 -1.666232311e+01 +2.9205e+00 -3.2849e+00
5922 +1.116691988e+00 +1.116691988e+00 -1.784330801e+01 -1.784330801e+01 -1.6105e+00 +1.3460e+00
91869 +9.403619109e-01 +9.403619109e-01 -1.801963809e+01 -1.801963809e+01 -1.3446e+00 +1.0791e+00
111789 +2.947485544e-01 +2.947485544e-01 -1.866525145e+01 -1.866525145e+01 -1.1388e+00 +1.0083e+00
% function evaluation | noise-free fitness - Fopt (7.708000000000e+01) | best noise-free fitness - Fopt | measured fitness | best measured fitness | x1 | x2...
1 +5.293096868e+01 +5.293096868e+01 +1.300109687e+02 +1.300109687e+02 +1.2650e+00 -3.7265e+00
5 +2.158363240e+01 +2.158363240e+01 +9.866363240e+01 +9.866363240e+01 -4.0080e+00 +3.8156e+00
23 +1.178610623e+01 +1.178610623e+01 +8.886610623e+01 +8.886610623e+01 -1.7527e-01 +4.2544e+00
73 +6.633182998e+00 +6.633182998e+00 +8.371318300e+01 +8.371318300e+01 -3.2796e+00 +1.5175e+00
111 +6.177517701e+00 +6.177517701e+00 +8.325751770e+01 +8.325751770e+01 -1.8195e+00 +1.9960e+00
116 +3.142541423e+00 +3.142541423e+00 +8.022254142e+01 +8.022254142e+01 -1.8188e+00 +3.2523e+00
3976 +1.843732039e+00 +1.843732039e+00 +7.892373204e+01 +7.892373204e+01 +1.7814e+00 -8.9084e-01
4703 +5.096387731e-01 +5.096387731e-01 +7.758963877e+01 +7.758963877e+01 +1.2489e+00 -1.2530e+00
145657 +9.217601738e-02 +9.217601738e-02 +7.717217602e+01 +7.717217602e+01 +1.2326e+00 -1.3558e+00
% function evaluation | noise-free fitness - Fopt (-3.068400000000e+02) | best noise-free fitness - Fopt | measured fitness | best measured fitness | x1 | x2...
1 +2.022195441e+01 +2.022195441e+01 -2.866180456e+02 -2.866180456e+02 -4.3068e-01 -4.2562e+00
21 +8.317633829e+00 +8.317633829e+00 -2.985223662e+02 -2.985223662e+02 +7.0995e-01 +1.1778e+00
161 +3.328594148e+00 +3.328594148e+00 -3.035114059e+02 -3.035114059e+02 -1.5485e+00 -3.1298e+00
1465 +1.303822257e+00 +1.303822257e+00 -3.055361777e+02 -3.055361777e+02 +1.2682e+00 +1.2493e+00
8909 +3.454104155e-01 +3.454104155e-01 -3.064945896e+02 -3.064945896e+02 +1.1750e+00 +9.6832e-01
38954 +2.196475802e-01 +2.196475802e-01 -3.066203524e+02 -3.066203524e+02 +1.2087e+00 +1.4462e+00
% function evaluation | noise-free fitness - Fopt (1.717600000000e+02) | best noise-free fitness - Fopt | measured fitness | best measured fitness | x1 | x2...
1 +4.142950405e+01 +4.142950405e+01 +2.131895041e+02 +2.131895041e+02 -4.6329e+00 +9.6293e-01
2 +2.124168732e+01 +2.124168732e+01 +1.930016873e+02 +1.930016873e+02 -8.0648e-01 -1.9219e+00
6 +9.822645851e+00 +9.822645851e+00 +1.815826459e+02 +1.815826459e+02 +2.4032e+00 +3.3859e+00
21 +5.389204219e+00 +5.389204219e+00 +1.771492042e+02 +1.771492042e+02 -1.7024e+00 -1.9553e+00
467 +3.673125304e+00 +3.673125304e+00 +1.754331253e+02 +1.754331253e+02 +2.7368e+00 +3.1634e+00
2893 +1.230739321e+00 +1.230739321e+00 +1.729907393e+02 +1.729907393e+02 -1.6677e+00 -1.4410e+00
47979 +9.317310571e-01 +9.317310571e-01 +1.726917311e+02 +1.726917311e+02 -1.1933e+00 -1.3473e+00
118542 +6.091772390e-01 +6.091772390e-01 +1.723691772e+02 +1.723691772e+02 -9.7875e-01 -1.5034e+00
% function evaluation | noise-free fitness - Fopt (-1.763000000000e+01) | best noise-free fitness - Fopt | measured fitness | best measured fitness | x1 | x2...
1 +1.003995174e+01 +1.003995174e+01 -7.590048260e+00 -7.590048260e+00 -4.5954e+00 +6.2149e-01
29 +9.866525483e+00 +9.866525483e+00 -7.763474517e+00 -7.763474517e+00 -3.4145e+00 -1.0039e-01
190 +5.492320995e+00 +5.492320995e+00 -1.213767901e+01 -1.213767901e+01 -4.7808e+00 +1.6975e+00
785 +2.589991947e+00 +2.589991947e+00 -1.504000805e+01 -1.504000805e+01 -2.6353e+00 +3.8363e+00
890 +2.453938613e+00 +2.453938613e+00 -1.517606139e+01 -1.517606139e+01 -3.5080e+00 +3.1336e+00
3298 +1.518789257e+00 +1.518789257e+00 -1.611121074e+01 -1.611121074e+01 +1.8037e+00 -1.4937e+00
20618 +9.788413776e-01 +9.788413776e-01 -1.665115862e+01 -1.665115862e+01 +1.4298e+00 -1.6812e+00
48514 +5.110332814e-01 +5.110332814e-01 -1.711896672e+01 -1.711896672e+01 +1.3584e+00 -9.3332e-01
83910 +8.793094027e-02 +8.793094027e-02 -1.754206906e+01 -1.754206906e+01 +1.2016e+00 -1.1456e+00
% function evaluation | noise-free fitness - Fopt (-5.858000000000e+01) | best noise-free fitness - Fopt | measured fitness | best measured fitness | x1 | x2...
1 +4.302593282e+01 +4.302593282e+01 -1.555406718e+01 -1.555406718e+01 +1.4873e-01 -9.1612e-01
2 +2.236798995e+01 +2.236798995e+01 -3.621201005e+01 -3.621201005e+01 +2.8472e+00 +2.7626e+00
4 +1.119161464e+01 +1.119161464e+01 -4.738838536e+01 -4.738838536e+01 +3.0153e+00 +4.6498e-01
6 +6.685973293e+00 +6.685973293e+00 -5.189402671e+01 -5.189402671e+01 +3.5555e+00 +1.3127e+00
28 +2.991860835e+00 +2.991860835e+00 -5.558813916e+01 -5.558813916e+01 -6.2287e-01 -1.4272e+00
1819 +2.472462775e+00 +2.472462775e+00 -5.610753723e+01 -5.610753723e+01 -8.5605e-01 -9.3966e-01
5213 +1.432447556e+00 +1.432447556e+00 -5.714755244e+01 -5.714755244e+01 -1.5068e+00 -9.8910e-01
14372 +6.280113928e-01 +6.280113928e-01 -5.795198861e+01 -5.795198861e+01 -9.5694e-01 -9.9306e-01
151367 +9.178819589e-02 +9.178819589e-02 -5.848821180e+01 -5.848821180e+01 -1.1528e+00 -1.1601e+00
% function evaluation | noise-free fitness - Fopt (-6.010000000000e+01) | best noise-free fitness - Fopt | measured fitness | best measured fitness | x1 | x2...
1 +5.616967918e+01 +5.616967918e+01 -3.930320823e+00 -3.930320823e+00 +3.7871e+00 -3.6117e+00
3 +1.695766039e+01 +1.695766039e+01 -4.314233961e+01 -4.314233961e+01 +2.7271e+00 +2.5716e+00
13 +1.526671361e+01 +1.526671361e+01 -4.483328639e+01 -4.483328639e+01 -6.7810e-01 +1.0952e+00
83 +9.429299287e+00 +9.429299287e+00 -5.067070071e+01 -5.067070071e+01 +1.3280e+00 +1.4983e+00
109 +2.855267840e+00 +2.855267840e+00 -5.724473216e+01 -5.724473216e+01 -2.8134e+00 -3.2045e+00
7678 +1.826118757e+00 +1.826118757e+00 -5.827388124e+01 -5.827388124e+01 +1.1286e+00 +8.3839e-01
20728 +3.241558176e-01 +3.241558176e-01 -5.977584418e+01 -5.977584418e+01 +1.1239e+00 +1.1825e+00
% function evaluation | noise-free fitness - Fopt (1.489000000000e+01) | best noise-free fitness - Fopt | measured fitness | best measured fitness | x1 | x2...
1 +5.773629099e+01 +5.773629099e+01 +7.262629099e+01 +7.262629099e+01 +4.2282e+00 -1.7531e+00
2 +3.365963698e+01 +3.365963698e+01 +4.854963698e+01 +4.854963698e+01 -2.0882e+00 -1.1023e+00
7 +1.610743706e+01 +1.610743706e+01 +3.099743706e+01 +3.099743706e+01 +3.0886e-01 -2.0397e+00
9 +1.088450852e+01 +1.088450852e+01 +2.577450852e+01 +2.577450852e+01 -1.1922e-01 +1.8193e+00
127 +6.299475197e+00 +6.299475197e+00 +2.118947520e+01 +2.118947520e+01 -2.6985e+00 +1.7489e+00
163 +3.823428561e+00 +3.823428561e+00 +1.871342856e+01 +1.871342856e+01 -2.7488e+00 +3.9036e+00
2732 +1.595576252e+00 +1.595576252e+00 +1.648557625e+01 +1.648557625e+01 +1.6590e+00 -1.6573e+00
17841 +1.066486425e+00 +1.066486425e+00 +1.595648642e+01 +1.595648642e+01 +1.1049e+00 -1.6301e+00
20254 +6.190052188e-01 +6.190052188e-01 +1.550900522e+01 +1.550900522e+01 +1.4875e+00 -9.4000e-01
54238 +3.212329530e-01 +3.212329530e-01 +1.521123295e+01 +1.521123295e+01 +1.2503e+00 -1.2348e+00
95869 +2.322138807e-01 +2.322138807e-01 +1.512221388e+01 +1.512221388e+01 +1.2947e+00 -1.2875e+00
% function evaluation | noise-free fitness - Fopt (3.193500000000e+02) | best noise-free fitness - Fopt | measured fitness | best measured fitness | x1 | x2...
1 +7.660844664e+01 +7.660844664e+01 +3.959584466e+02 +3.959584466e+02 +3.1008e+00 -3.9545e+00
2 +4.098545796e+01 +4.098545796e+01 +3.603354580e+02 +3.603354580e+02 -3.2008e+00 -1.4519e+00
3 +2.573550087e+01 +2.573550087e+01 +3.450855009e+02 +3.450855009e+02 +8.7218e-02 +3.4177e-01
8 +1.743801909e+01 +1.743801909e+01 +3.367880191e+02 +3.367880191e+02 +7.4791e-01 -2.5720e+00
24 +8.710333802e+00 +8.710333802e+00 +3.280603338e+02 +3.280603338e+02 -3.6307e+00 +3.7264e+00
224 +4.051709140e+00 +4.051709140e+00 +3.234017091e+02 +3.234017091e+02 +1.5085e+00 -9.2136e-01
648 +3.032193257e+00 +3.032193257e+00 +3.223821933e+02 +3.223821933e+02 -1.8438e+00 +3.1324e+00
2358 +2.141381859e+00 +2.141381859e+00 +3.214913819e+02 +3.214913819e+02 -2.7891e+00 +2.6351e+00
4290 +1.198345115e-01 +1.198345115e-01 +3.194698345e+02 +3.194698345e+02 +1.2588e+00 -1.2487e+00
195166 +8.334354496e-02 +8.334354496e-02 +3.194333435e+02 +3.194333435e+02 +1.2057e+00 -1.1397e+00
% function evaluation | noise-free fitness - Fopt (-1.315700000000e+02) | best noise-free fitness - Fopt | measured fitness | best measured fitness | x1 | x2...
1 +2.862967109e+01 +2.862967109e+01 -1.029403289e+02 -1.029403289e+02 -4.2451e+00 -3.1562e+00
2 +5.127353102e+00 +5.127353102e+00 -1.264426469e+02 -1.264426469e+02 -1.4658e+00 -2.2819e+00
122 +3.923519265e+00 +3.923519265e+00 -1.276464807e+02 -1.276464807e+02 -2.5227e+00 -1.5369e+00
3068 +1.598493910e+00 +1.598493910e+00 -1.299715061e+02 -1.299715061e+02 +7.1215e-01 +1.5417e+00
3817 +7.198308107e-01 +7.198308107e-01 -1.308501692e+02 -1.308501692e+02 +1.3810e+00 +9.9117e-01
10192 +5.645455897e-01 +5.645455897e-01 -1.310054544e+02 -1.310054544e+02 +1.5272e+00 +1.0937e+00
166873 +2.714699607e-01 +2.714699607e-01 -1.312985300e+02 -1.312985300e+02 +1.1091e+00 +1.1349e+00
% function evaluation | noise-free fitness - Fopt (-1.505600000000e+02) | best noise-free fitness - Fopt | measured fitness | best measured fitness | x1 | x2...
1 +6.777998319e+01 +6.777998319e+01 -8.278001681e+01 -8.278001681e+01 +1.2607e+00 +3.3754e+00
2 +2.684389452e+01 +2.684389452e+01 -1.237161055e+02 -1.237161055e+02 -1.9847e+00 +1.9964e-01
8 +2.455603471e+01 +2.455603471e+01 -1.260039653e+02 -1.260039653e+02 -6.6312e-01 +1.1796e+00
11 +9.333277559e+00 +9.333277559e+00 -1.412267224e+02 -1.412267224e+02 +1.2414e+00 -2.2621e+00
77 +4.317492949e+00 +4.317492949e+00 -1.462425071e+02 -1.462425071e+02 +4.0488e+00 -1.8204e+00
749 +3.010222371e+00 +3.010222371e+00 -1.475497776e+02 -1.475497776e+02 +2.4982e+00 -2.7150e+00
3165 +2.348576884e+00 +2.348576884e+00 -1.482114231e+02 -1.482114231e+02 -1.6783e+00 +7.9225e-01
5177 +8.249301313e-01 +8.249301313e-01 -1.497350699e+02 -1.497350699e+02 -1.2181e+00 +1.3103e+00
5798 +5.575649076e-01 +5.575649076e-01 -1.500024351e+02 -1.500024351e+02 -1.1821e+00 +1.5300e+00
97314 +2.702286299e-01 +2.702286299e-01 -1.502897714e+02 -1.502897714e+02 -1.2093e+00 +1.4649e+00
% function evaluation | noise-free fitness - Fopt (-6.851600000000e+02) | best noise-free fitness - Fopt | measured fitness | best measured fitness | x1 | x2...
1 +7.473428016e+00 +7.473428016e+00 -6.776865720e+02 -6.776865720e+02 +2.4096e+00 +4.0476e+00
4 +5.250110393e+00 +5.250110393e+00 -6.799098896e+02 -6.799098896e+02 -8.5232e-01 -1.8181e+00
225 +2.418753310e+00 +2.418753310e+00 -6.827412467e+02 -6.827412467e+02 +3.3052e+00 +2.4029e+00
3811 +7.809692349e-01 +7.809692349e-01 -6.843790308e+02 -6.843790308e+02 -9.3269e-01 -1.4983e+00
24208 +5.905780074e-01 +5.905780074e-01 -6.845694220e+02 -6.845694220e+02 -1.4522e+00 -1.1043e+00
% function evaluation | noise-free fitness - Fopt (-8.468100000000e+02) | best noise-free fitness - Fopt | measured fitness | best measured fitness | x1 | x2...
1 +6.326024536e+01 +6.326024536e+01 -7.835497546e+02 -7.835497546e+02 -4.2867e+00 +2.9417e+00
2 +3.025164469e+01 +3.025164469e+01 -8.165583553e+02 -8.165583553e+02 +3.5680e+00 +4.1124e-02
4 +2.453124528e+01 +2.453124528e+01 -8.222787547e+02 -8.222787547e+02 +2.8022e+00 +2.9946e+00
17 +1.540410662e+01 +1.540410662e+01 -8.314058934e+02 -8.314058934e+02 +3.7021e-01 +4.9175e+00
33 +8.470164300e+00 +8.470164300e+00 -8.383398357e+02 -8.383398357e+02 -3.1204e-01 -8.2980e-01
43 +3.927420311e+00 +3.927420311e+00 -8.428825797e+02 -8.428825797e+02 +1.8912e+00 +3.8590e+00
2689 +2.498136209e+00 +2.498136209e+00 -8.443118638e+02 -8.443118638e+02 -5.7237e-01 -1.2091e+00
8062 +4.960586748e-01 +4.960586748e-01 -8.463139413e+02 -8.463139413e+02 -1.0802e+00 -1.4798e+00
66316 +2.770557696e-01 +2.770557696e-01 -8.465329442e+02 -8.465329442e+02 -1.2322e+00 -1.1206e+00
% function evaluation | noise-free fitness - Fopt (1.363000000000e+01) | best noise-free fitness - Fopt | measured fitness | best measured fitness | x1 | x2...
1 +2.429336510e+01 +2.429336510e+01 +3.792336510e+01 +3.792336510e+01 +1.4043e+00 -1.8736e-01
2 +6.232839547e+00 +6.232839547e+00 +1.986283955e+01 +1.986283955e+01 +3.1959e+00 +4.7605e+00
545 +2.646907450e+00 +2.646907450e+00 +1.627690745e+01 +1.627690745e+01 +3.1765e+00 +2.9290e+00
2393 +1.786865481e+00 +1.786865481e+00 +1.541686548e+01 +1.541686548e+01 -1.6416e+00 -1.2487e+00
7563 +1.012788438e+00 +1.012788438e+00 +1.464278844e+01 +1.464278844e+01 -1.1089e+00 -1.0171e+00
9524 +4.949879225e-01 +4.949879225e-01 +1.412498792e+01 +1.412498792e+01 -1.3954e+00 -1.4837e+00
199701 +3.151301596e-01 +3.151301596e-01 +1.394513016e+01 +1.394513016e+01 -1.3182e+00 -1.1912e+00
% function evaluation | noise-free fitness - Fopt (-3.718000000000e+01) | best noise-free fitness - Fopt | measured fitness | best measured fitness | x1 | x2...
1 +5.540264079e+01 +5.540264079e+01 +1.822264079e+01 +1.822264079e+01 +3.4360e+00 +8.9330e-02
2 +2.438491637e+01 +2.438491637e+01 -1.279508363e+01 -1.279508363e+01 -2.3177e+00 -2.4895e+00
8 +1.485869646e+01 +1.485869646e+01 -2.232130354e+01 -2.232130354e+01 +1.8506e-01 +9.3905e-01
74 +6.723371012e+00 +6.723371012e+00 -3.045662899e+01 -3.045662899e+01 -3.2279e+00 -1.1628e+00
115 +5.390896234e+00 +5.390896234e+00 -3.178910377e+01 -3.178910377e+01 -1.1295e+00 -3.4453e+00
281 +3.435318626e+00 +3.435318626e+00 -3.374468137e+01 -3.374468137e+01 +1.1968e+00 +1.4996e+00
3907 +2.457093422e+00 +2.457093422e+00 -3.472290658e+01 -3.472290658e+01 +1.4851e+00 +8.0375e-01
16241 +1.139240797e+00 +1.139240797e+00 -3.604075920e+01 -3.604075920e+01 +1.0394e+00 +1.5293e+00
35613 +8.836955901e-01 +8.836955901e-01 -3.629630441e+01 -3.629630441e+01 +1.3932e+00 +1.4231e+00
37364 +5.210339192e-01 +5.210339192e-01 -3.665896608e+01 -3.665896608e+01 +1.5502e+00 +1.4141e+00
137357 +2.663644617e-01 +2.663644617e-01 -3.691363554e+01 -3.691363554e+01 +1.2720e+00 +1.0853e+00
% function evaluation | noise-free fitness - Fopt (2.275200000000e+02) | best noise-free fitness - Fopt | measured fitness | best measured fitness | x1 | x2...
1 +2.803738680e+01 +2.803738680e+01 +2.555573868e+02 +2.555573868e+02 -5.1765e-01 +4.8744e+00
3 +1.290404302e+01 +1.290404302e+01 +2.404240430e+02 +2.404240430e+02 +2.3285e+00 -1.2685e+00
32 +7.988646850e+00 +7.988646850e+00 +2.355086469e+02 +2.355086469e+02 -3.6531e+00 +1.2123e+00
106 +2.295192563e+00 +2.295192563e+00 +2.298151926e+02 +2.298151926e+02 +1.0968e+00 -1.7820e+00
3766 +5.317298072e-01 +5.317298072e-01 +2.280517298e+02 +2.280517298e+02 +1.4000e+00 -1.4145e+00
90550 +2.374463722e-01 +2.374463722e-01 +2.277574464e+02 +2.277574464e+02 +1.4330e+00 -1.1144e+00
% function evaluation | noise-free fitness - Fopt (6.370000000000e+00) | best noise-free fitness - Fopt | measured fitness | best measured fitness | x1 | x2...
1 +2.259906774e+01 +2.259906774e+01 +2.896906774e+01 +2.896906774e+01 +9.3791e-01 +9.4449e-01
12 +1.055054974e+01 +1.055054974e+01 +1.692054974e+01 +1.692054974e+01 -3.0565e+00 -2.1035e+00
22 +7.602742675e+00 +7.602742675e+00 +1.397274268e+01 +1.397274268e+01 -4.4660e+00 -2.3483e+00
216 +5.688153891e+00 +5.688153891e+00 +1.205815389e+01 +1.205815389e+01 -2.6451e+00 -5.9642e-01
1431 +3.120825538e+00 +3.120825538e+00 +9.490825538e+00 +9.490825538e+00 -4.0344e+00 -3.0771e+00
3477 +1.148064841e+00 +1.148064841e+00 +7.518064841e+00 +7.518064841e+00 +1.6761e+00 +1.2310e+00
81873 +6.815058213e-01 +6.815058213e-01 +7.051505821e+00 +7.051505821e+00 +1.3451e+00 +9.0314e-01
115894 +4.650709649e-01 +4.650709649e-01 +6.835070965e+00 +6.835070965e+00 +1.0004e+00 +1.3844e+00
184981 +2.322975033e-01 +2.322975033e-01 +6.602297503e+00 +6.602297503e+00 +1.4332e+00 +1.3507e+00
% function evaluation | noise-free fitness - Fopt (-1.082600000000e+02) | best noise-free fitness - Fopt | measured fitness | best measured fitness | x1 | x2...
1 +3.947600021e+01 +3.947600021e+01 -6.878399979e+01 -6.878399979e+01 +2.9181e+00 +7.4981e-01
3 +2.126970744e+01 +2.126970744e+01 -8.699029256e+01 -8.699029256e+01 +1.6180e+00 -2.0102e+00
5 +1.408006748e+01 +1.408006748e+01 -9.417993252e+01 -9.417993252e+01 -2.1971e-01 -2.0621e+00
58 +5.727329041e+00 +5.727329041e+00 -1.025326710e+02 -1.025326710e+02 +1.3033e-01 +1.0190e+00
98 +3.938150733e+00 +3.938150733e+00 -1.043218493e+02 -1.043218493e+02 +2.0198e+00 +1.7949e+00
3152 +1.033010669e+00 +1.033010669e+00 -1.072269893e+02 -1.072269893e+02 +1.3115e+00 +1.7457e+00
15022 +9.328470279e-01 +9.328470279e-01 -1.073271530e+02 -1.073271530e+02 +9.8885e-01 +1.6265e+00
64838 +5.990241634e-01 +5.990241634e-01 -1.076609758e+02 -1.076609758e+02 +1.2891e+00 +1.4817e+00
69978 +8.188112290e-02 +8.188112290e-02 -1.081781189e+02 -1.081781189e+02 +1.3580e+00 +1.2873e+00
% function evaluation | noise-free fitness - Fopt (-1.000000000000e+03) | best noise-free fitness - Fopt | measured fitness | best measured fitness | x1 | x2...
1 +4.958321633e+01 +4.958321633e+01 -9.504167837e+02 -9.504167837e+02 +4.2590e+00 +2.4146e+00
3 +2.244404850e+01 +2.244404850e+01 -9.775559515e+02 -9.775559515e+02 +1.4238e+00 -3.2523e+00
14 +1.028204152e+01 +1.028204152e+01 -9.897179585e+02 -9.897179585e+02 -1.9052e+00 +2.2322e+00
26 +9.167433748e+00 +9.167433748e+00 -9.908325663e+02 -9.908325663e+02 -2.5211e+00 +5.1194e-01
92 +2.680501930e+00 +2.680501930e+00 -9.973194981e+02 -9.973194981e+02 -2.3469e+00 +2.9852e+00
2300 +1.897464454e+00 +1.897464454e+00 -9.981025355e+02 -9.981025355e+02 +1.1784e+00 -1.9175e+00
14519 +1.037746083e+00 +1.037746083e+00 -9.989622539e+02 -9.989622539e+02 +1.2828e+00 -1.0430e+00
40088 +9.604546399e-01 +9.604546399e-01 -9.990395454e+02 -9.990395454e+02 +1.7012e+00 -1.2538e+00
160573 +5.347454030e-01 +5.347454030e-01 -9.994652546e+02 -9.994652546e+02 +1.1268e+00 -1.4234e+00
% function evaluation | noise-free fitness - Fopt (-8.434000000000e+01) | best noise-free fitness - Fopt | measured fitness | best measured fitness | x1 | x2...
1 +5.061924454e+01 +5.061924454e+01 -3.372075546e+01 -3.372075546e+01 -2.4827e+00 -2.6320e-01
2 +9.528264391e+00 +9.528264391e+00 -7.481173561e+01 -7.481173561e+01 +2.3389e+00 -4.9932e+00
63 +1.546449188e+00 +1.546449188e+00 -8.279355081e+01 -8.279355081e+01 -1.3559e+00 +1.2125e+00
14462 +4.410122953e-01 +4.410122953e-01 -8.389898770e+01 -8.389898770e+01 -1.4500e+00 +1.4063e+00
22961 +3.303805877e-01 +3.303805877e-01 -8.400961941e+01 -8.400961941e+01 -1.4459e+00 +1.4013e+00
40317 +2.431391667e-01 +2.431391667e-01 -8.409686083e+01 -8.409686083e+01 -1.4584e+00 +1.1549e+00
% function evaluation | noise-free fitness - Fopt (7.213000000000e+01) | best noise-free fitness - Fopt | measured fitness | best measured fitness | x1 | x2...
1 +3.110297931e+01 +3.110297931e+01 +1.032329793e+02 +1.032329793e+02 -1.0294e+00 +2.1883e+00
8 +1.727106144e+01 +1.727106144e+01 +8.940106144e+01 +8.940106144e+01 -1.1762e+00 -1.8859e-01
20 +3.797886564e+00 +3.797886564e+00 +7.592788656e+01 +7.592788656e+01 -3.4587e+00 -4.4122e+00
560 +2.324130809e+00 +2.324130809e+00 +7.445413081e+01 +7.445413081e+01 -3.4306e+00 -2.6680e+00
6381 +1.467727740e+00 +1.467727740e+00 +7.359772774e+01 +7.359772774e+01 +1.1008e+00 +1.1873e+00
19781 +3.260095501e-01 +3.260095501e-01 +7.245600955e+01 +7.245600955e+01 +9.7968e-01 +1.3280e+00
% function evaluation | noise-free fitness - Fopt (-1.338000000000e+02) | best noise-free fitness - Fopt | measured fitness | best measured fitness | x1 | x2...
1 +6.402966727e+01 +6.402966727e+01 -6.977033273e+01 -6.977033273e+01 -1.3830e+00 +4.9147e+00
2 +3.751405097e+01 +3.751405097e+01 -9.628594903e+01 -9.628594903e+01 -2.8590e+00 -3.7936e-01
3 +1.947716837e+01 +1.947716837e+01 -1.143228316e+02 -1.143228316e+02 +2.5998e+00 -1.1058e-02
18 +9.116012400e+00 +9.116012400e+00 -1.246839876e+02 -1.246839876e+02 +3.5263e+00 -2.5164e+00
240 +6.156843570e+00 +6.156843570e+00 -1.276431564e+02 -1.276431564e+02 -5.7892e-01 +1.4234e+00
615 +3.088672258e+00 +3.088672258e+00 -1.307113277e+02 -1.307113277e+02 -6.9461e-01 +1.8159e+00
1136 +1.362184885e+00 +1.362184885e+00 -1.324378151e+02 -1.324378151e+02 -1.2590e+00 +1.2091e+00
9286 +3.528859100e-01 +3.528859100e-01 -1.334471141e+02 -1.334471141e+02 -1.0601e+00 +1.3911e+00
% function evaluation | noise-free fitness - Fopt (1.955000000000e+01) | best noise-free fitness - Fopt | measured fitness | best measured fitness | x1 | x2...
1 +2.800377690e+01 +2.800377690e+01 +4.755377690e+01 +4.755377690e+01 +1.7546e-01 -1.2645e+00
7 +1.084028739e+01 +1.084028739e+01 +3.039028739e+01 +3.039028739e+01 +3.3159e+00 -1.5947e+00
12 +7.387787743e+00 +7.387787743e+00 +2.693778774e+01 +2.693778774e+01 -2.4541e+00 +6.4711e-01
127 +3.990278143e+00 +3.990278143e+00 +2.354027814e+01 +2.354027814e+01 +4.1257e+00 -3.6780e+00
498 +3.894447837e+00 +3.894447837e+00 +2.344444784e+01 +2.344444784e+01 +2.6295e+00 -1.6931e+00
2552 +2.197542504e+00 +2.197542504e+00 +2.174754250e+01 +2.174754250e+01 -1.5515e+00 +1.2725e+00
6091 +1.329789961e+00 +1.329789961e+00 +2.087978996e+01 +2.087978996e+01 -9.7700e-01 +1.3832e+00
12081 +3.861265498e-01 +3.861265498e-01 +1.993612655e+01 +1.993612655e+01 -1.2251e+00 +1.0156e+00
% function evaluation | noise-free fitness - Fopt (-1.307000000000e+01) | best noise-free fitness - Fopt | measured fitness | best measured fitness | x1 | x2...
1 +2.800425529e+01 +2.800425529e+01 +1.493425529e+01 +1.493425529e+01 +1.0855e+00 +1.4408e-01
15 +2.392094120e+01 +2.392094120e+01 +1.085094120e+01 +1.085094120e+01 -3.7363e+00 +4.6126e+00
24 +1.514257160e+01 +1.514257160e+01 +2.072571605e+00 +2.072571605e+00 -1.0795e+00 +4.5289e+00
30 +7.755680804e+00 +7.755680804e+00 -5.314319196e+00 -5.314319196e+00 -2.5085e+00 +1.8237e-01
204 +3.886591746e+00 +3.886591746e+00 -9.183408254e+00 -9.183408254e+00 -1.5273e+00 +3.5009e+00
1270 +1.028359826e+00 +1.028359826e+00 -1.204164017e+01 -1.204164017e+01 +1.3060e+00 -1.6647e+00
15565 +2.886459869e-01 +2.886459869e-01 -1.278135401e+01 -1.278135401e+01 +1.1690e+00 -1.1003e+00
63749 +1.086314941e-01 +1.086314941e-01 -1.296136851e+01 -1.296136851e+01 +1.3290e+00 -1.3837e+00
% function evaluation | noise-free fitness - Fopt (7.965000000000e+01) | best noise-free fitness - Fopt | measured fitness | best measured fitness | x1 | x2...
1 +3.903459257e+01 +3.903459257e+01 +1.186845926e+02 +1.186845926e+02 +2.5074e+00 +1.3075e+00
2 +1.002518409e+01 +1.002518409e+01 +8.967518409e+01 +8.967518409e+01 -3.2636e+00 -7.0888e-01
9 +9.625117446e+00 +9.625117446e+00 +8.927511745e+01 +8.927511745e+01 -2.4458e+00 -3.6448e+00
45 +4.754061349e+00 +4.754061349e+00 +8.440406135e+01 +8.440406135e+01 -2.9402e+00 -1.8758e+00
770 +2.540165326e+00 +2.540165326e+00 +8.219016533e+01 +8.219016533e+01 -3.0805e+00 -2.7194e+00
1059 +2.045025616e+00 +2.045025616e+00 +8.169502562e+01 +8.169502562e+01 -2.8914e+00 -2.7227e+00
3976 +7.072730396e-01 +7.072730396e-01 +8.035727304e+01 +8.035727304e+01 +1.3583e+00 +1.2564e+00
24842 +6.021718986e-01 +6.021718986e-01 +8.025217190e+01 +8.025217190e+01 +1.1428e+00 +1.5391e+00
45969 +3.972819758e-01 +3.972819758e-01 +8.004728198e+01 +8.004728198e+01 +1.1551e+00 +1.2550e+00
% function evaluation | noise-free fitness - Fopt (1.160000000000e+00) | best noise-free fitness - Fopt | measured fitness | best measured fitness | x1 | x2...
1 +3.753177116e+01 +3.753177116e+01 +3.869177116e+01 +3.869177116e+01 -6.7789e-01 +6.6718e-02
3 +2.478454852e+01 +2.478454852e+01 +2.594454852e+01 +2.594454852e+01 -4.0505e+00 +1.8118e+00
44 +7.981834937e+00 +7.981834937e+00 +9.141834937e+00 +9.141834937e+00 +1.5965e+00 -2.4960e+00
50 +2.436281448e+00 +2.436281448e+00 +3.596281448e+00 +3.596281448e+00 -2.4842e+00 +2.6776e+00
10544 +1.253621306e+00 +1.253621306e+00 +2.413621306e+00 +2.413621306e+00 +1.0469e+00 -1.3559e+00
13700 +5.669808551e-01 +5.669808551e-01 +1.726980855e+00 +1.726980855e+00 +1.3532e+00 -1.1814e+00
74817 +2.145771317e-01 +2.145771317e-01 +1.374577132e+00 +1.374577132e+00 +1.2991e+00 -1.2277e+00
% function evaluation | noise-free fitness - Fopt (2.407100000000e+02) | best noise-free fitness - Fopt | measured fitness | best measured fitness | x1 | x2...
1 +3.044441752e+01 +3.044441752e+01 +2.711544175e+02 +2.711544175e+02 +1.3142e-01 -6.3424e-02
4 +7.288156739e+00 +7.288156739e+00 +2.479981567e+02 +2.479981567e+02 -3.6584e+00 +2.3305e+00
5 +5.676402321e+00 +5.676402321e+00 +2.463864023e+02 +2.463864023e+02 +2.0017e+00 -2.1647e+00
399 +3.838780316e+00 +3.838780316e+00 +2.445487803e+02 +2.445487803e+02 -2.8290e+00 +4.3108e+00
1328 +3.892513953e-01 +3.892513953e-01 +2.410992514e+02 +2.410992514e+02 +9.6072e-01 -1.3002e+00
35652 +2.121433080e-01 +2.121433080e-01 +2.409221433e+02 +2.409221433e+02 +1.3941e+00 -1.2257e+00
% function evaluation | noise-free fitness - Fopt (-2.707900000000e+02) | best noise-free fitness - Fopt | measured fitness | best measured fitness | x1 | x2...
1 +3.682631895e+01 +3.682631895e+01 -2.339636810e+02 -2.339636810e+02 -2.7423e+00 +1.0568e-01
4 +1.073437544e+01 +1.073437544e+01 -2.600556246e+02 -2.600556246e+02 +2.2174e+00 -3.2043e+00
9 +1.882428850e+00 +1.882428850e+00 -2.689075712e+02 -2.689075712e+02 -1.5222e+00 +1.8748e+00
5179 +1.367644617e+00 +1.367644617e+00 -2.694223554e+02 -2.694223554e+02 -1.7737e+00 +1.1653e+00
37048 +7.679315180e-01 +7.679315180e-01 -2.700220685e+02 -2.700220685e+02 -1.2490e+00 +1.5731e+00
47279 +5.658317386e-01 +5.658317386e-01 -2.702241683e+02 -2.702241683e+02 -1.0998e+00 +1.2795e+00
% function evaluation | noise-free fitness - Fopt (2.612000000000e+01) | best noise-free fitness - Fopt | measured fitness | best measured fitness | x1 | x2...
1 +4.951467499e+01 +4.951467499e+01 +7.563467499e+01 +7.563467499e+01 -3.2560e+00 -4.5635e+00
3 +2.717749180e+01 +2.717749180e+01 +5.329749180e+01 +5.329749180e+01 +1.7541e+00 -4.0783e-01
5 +1.360534040e+01 +1.360534040e+01 +3.972534040e+01 +3.972534040e+01 -4.6332e+00 +3.4820e+00
29 +7.877924754e+00 +7.877924754e+00 +3.399792475e+01 +3.399792475e+01 -1.0095e+00 +1.7910e+00
176 +4.213418284e+00 +4.213418284e+00 +3.033341828e+01 +3.033341828e+01 -4.2273e+00 +2.6410e+00
336 +6.965132252e-01 +6.965132252e-01 +2.681651323e+01 +2.681651323e+01 +1.4972e+00 -1.3855e+00
71799 +2.450919287e-01 +2.450919287e-01 +2.636509193e+01 +2.636509193e+01 +1.2495e+00 -1.4621e+00
% function evaluation | noise-free fitness - Fopt (-6.252000000000e+01) | best noise-free fitness - Fopt | measured fitness | best measured fitness | x1 | x2...
1 +3.411303978e+01 +3.411303978e+01 -2.840696022e+01 -2.840696022e+01 -1.6458e+00 -3.5347e+00
9 +2.463120268e+01 +2.463120268e+01 -3.788879732e+01 -3.788879732e+01 -8.5783e-01 +5.7029e-01
18 +1.398342126e+01 +1.398342126e+01 -4.853657874e+01 -4.853657874e+01 +1.7587e+00 -1.1345e+00
24 +7.649076780e+00 +7.649076780e+00 -5.487092322e+01 -5.487092322e+01 -1.1557e+00 +2.5098e+00
74 +6.277845967e+00 +6.277845967e+00 -5.624215403e+01 -5.624215403e+01 +5.5731e-01 -3.4935e+00
263 +2.695620582e+00 +2.695620582e+00 -5.982437942e+01 -5.982437942e+01 -9.2296e-01 +1.1756e+00
1372 +2.147241960e+00 +2.147241960e+00 -6.037275804e+01 -6.037275804e+01 +2.7970e+00 -3.1889e+00
3280 +7.167224451e-01 +7.167224451e-01 -6.180327755e+01 -6.180327755e+01 -1.2914e+00 +1.0932e+00
36258 +5.414538108e-01 +5.414538108e-01 -6.197854619e+01 -6.197854619e+01 -1.3936e+00 +1.5204e+00
126037 +2.306273782e-01 +2.306273782e-01 -6.228937262e+01 -6.228937262e+01 -1.0918e+00 +1.1365e+00
% function evaluation | noise-free fitness - Fopt (-2.438600000000e+02) | best noise-free fitness - Fopt | measured fitness | best measured fitness | x1 | x2...
1 +4.568453860e+01 +4.568453860e+01 -1.981754614e+02 -1.981754614e+02 -4.4272e+00 -5.9788e-01
2 +3.750506453e+01 +3.750506453e+01 -2.063549355e+02 -2.063549355e+02 -3.8848e+00 -2.7651e+00
11 +2.095580540e+01 +2.095580540e+01 -2.229041946e+02 -2.229041946e+02 -1.9749e-01 -2.5640e+00
17 +3.616464301e+00 +3.616464301e+00 -2.402435357e+02 -2.402435357e+02 +2.1488e+00 +1.1810e+00
5619 +2.300026987e+00 +2.300026987e+00 -2.415599730e+02 -2.415599730e+02 +7.7657e-01 +1.5102e+00
34502 +1.355350474e+00 +1.355350474e+00 -2.425046495e+02 -2.425046495e+02 +1.2415e+00 +1.4705e+00
34922 +4.178619605e-01 +4.178619605e-01 -2.434421380e+02 -2.434421380e+02 +1.0285e+00 +1.1570e+00
% function evaluation | noise-free fitness - Fopt (-9.475000000000e+02) | best noise-free fitness - Fopt | measured fitness | best measured fitness | x1 | x2...
1 +4.187750428e+01 +4.187750428e+01 -9.056224957e+02 -9.056224957e+02 -4.3951e+00 -3.8690e+00
4 +5.831662290e+00 +5.831662290e+00 -9.416683377e+02 -9.416683377e+02 -1.3687e+00 -1.3014e+00
348 +3.811481699e+00 +3.811481699e+00 -9.436885183e+02 -9.436885183e+02 -3.2097e+00 -3.9277e+00
3155 +1.649679385e+00 +1.649679385e+00 -9.458503206e+02 -9.458503206e+02 +1.0565e+00 +1.3668e+00
9774 +9.324833359e-01 +9.324833359e-01 -9.465675167e+02 -9.465675167e+02 +1.3466e+00 +1.3079e+00
22834 +3.070571400e-01 +3.070571400e-01 -9.471929429e+02 -9.471929429e+02 +1.3597e+00 +1.0536e+00
% function evaluation | noise-free fitness - Fopt (1.198100000000e+02) | best noise-free fitness - Fopt | measured fitness | best measured fitness | x1 | x2...
1 +4.425990077e+01 +4.425990077e+01 +1.640699008e+02 +1.640699008e+02 -6.2347e-01 +4.2097e+00
2 +3.720229794e+01 +3.720229794e+01 +1.570122979e+02 +1.570122979e+02 +2.5612e+00 -5.3108e-01
5 +2.333529403e+01 +2.333529403e+01 +1.431452940e+02 +1.431452940e+02 +2.3372e+00 -2.2174e+00
8 +5.143357983e+00 +5.143357983e+00 +1.249533580e+02 +1.249533580e+02 -3.0385e+00 -9.5869e-01
65 +2.925491471e+00 +2.925491471e+00 +1.227354915e+02 +1.227354915e+02 -2.4960e+00 -4.0365e+00
426 +1.508924989e+00 +1.508924989e+00 +1.213189250e+02 +1.213189250e+02 +1.3497e+00 +1.7945e+00
53954 +7.510985267e-01 +7.510985267e-01 +1.205610985e+02 +1.205610985e+02 +1.5775e+00 +1.0036e+00
73878 +3.028738928e-01 +3.028738928e-01 +1.201128739e+02 +1.201128739e+02 +1.5152e+00 +1.2033e+00
% function evaluation | noise-free fitness - Fopt (-1.224900000000e+02) | best noise-free fitness - Fopt | measured fitness | best measured fitness | x1 | x2...
1 +4.406162964e+01 +4.406162964e+01 -7.842837036e+01 -7.842837036e+01 +1.5343e+00 -3.1303e+00
2 +2.489573073e+01 +2.489573073e+01 -9.759426927e+01 -9.759426927e+01 +1.6043e+00 +1.4019e+00
9 +7.442693004e+00 +7.442693004e+00 -1.150473070e+02 -1.150473070e+02 -2.3424e+00 -2.0046e+00
142 +1.964440985e+00 +1.964440985e+00 -1.205255590e+02 -1.205255590e+02 +1.7687e+00 +1.2750e+00
854 +1.232917826e+00 +1.232917826e+00 -1.212570822e+02 -1.212570822e+02 +1.3112e+00 +1.1889e+00
6115 +9.216863801e-01 +9.216863801e-01 -1.215683136e+02 -1.215683136e+02 +8.3162e-01 +1.0159e+00
8736 +4.128266890e-01 +4.128266890e-01 -1.220771733e+02 -1.220771733e+02 +1.5114e+00 +1.2817e+00
60798 +1.812499214e-01 +1.812499214e-01 -1.223087501e+02 -1.223087501e+02 +1.3032e+00 +1.1579e+00
% function evaluation | noise-free fitness - Fopt (1.829000000000e+01) | best noise-free fitness - Fopt | measured fitness | best measured fitness | x1 | x2...
1 +4.625975557e+01 +4.625975557e+01 +6.454975557e+01 +6.454975557e+01 +4.4543e-01 +3.0166e+00
3 +3.284919619e+01 +3.284919619e+01 +5.113919619e+01 +5.113919619e+01 +3.4791e+00 +3.3774e+00
7 +2.273275126e+01 +2.273275126e+01 +4.102275126e+01 +4.102275126e+01 -2.9202e-02 -2.6330e+00
38 +1.439658977e+01 +1.439658977e+01 +3.268658977e+01 +3.268658977e+01 -7.8339e-01 +2.0983e-01
66 +7.823996911e+00 +7.823996911e+00 +2.611399691e+01 +2.611399691e+01 +1.9422e+00 -7.4815e-01
137 +5.762337928e+00 +5.762337928e+00 +2.405233793e+01 +2.405233793e+01 -3.4336e+00 +5.6487e-01
811 +3.840638643e+00 +3.840638643e+00 +2.213063864e+01 +2.213063864e+01 -3.1019e+00 +2.5226e+00
2330 +2.384434589e+00 +2.384434589e+00 +2.067443459e+01 +2.067443459e+01 -3.5416e+00 +2.6372e+00
4646 +1.573247954e+00 +1.573247954e+00 +1.986324795e+01 +1.986324795e+01 +6.6865e-01 -1.1674e+00
24024 +1.864934201e-01 +1.864934201e-01 +1.847649342e+01 +1.847649342e+01 +1.0663e+00 -1.2641e+00
% function evaluation | noise-free fitness - Fopt (-1.635000000000e+01) | best noise-free fitness - Fopt | measured fitness | best measured fitness | x1 | x2...
1 +2.494317844e+01 +2.494317844e+01 +8.593178441e+00 +8.593178441e+00 -1.8020e+00 -2.7705e+00
3 +6.863838022e+00 +6.863838022e+00 -9.486161978e+00 -9.486161978e+00 +3.2504e-01 +3.9322e+00
52 +6.255258172e+00 +6.255258172e+00 -1.009474183e+01 -1.009474183e+01 +2.6490e+00 +4.2677e+00
705 +3.857586997e+00 +3.857586997e+00 -1.249241300e+01 -1.249241300e+01 +2.0659e+00 +4.2699e+00
2371 +1.256625476e+00 +1.256625476e+00 -1.509337452e+01 -1.509337452e+01 -1.5495e+00 -1.6585e+00
3564 +9.920302503e-01 +9.920302503e-01 -1.535796975e+01 -1.535796975e+01 -1.2554e+00 -1.2759e+00
53991 +5.694591968e-01 +5.694591968e-01 -1.578054080e+01 -1.578054080e+01 -1.3509e+00 -1.1319e+00
% function evaluation | noise-free fitness - Fopt (6.840000000000e+00) | best noise-free fitness - Fopt | measured fitness | best measured fitness | x1 | x2...
1 +2.762827352e+01 +2.762827352e+01 +3.446827352e+01 +3.446827352e+01 +6.0083e-01 -2.3853e-01
7 +1.839179808e+01 +1.839179808e+01 +2.523179808e+01 +2.523179808e+01 -4.5077e+00 -4.9714e+00
13 +1.107248732e+01 +1.107248732e+01 +1.791248732e+01 +1.791248732e+01 -3.5781e+00 -9.3543e-01
22 +8.115612944e+00 +8.115612944e+00 +1.495561294e+01 +1.495561294e+01 +2.3653e+00 +1.9414e+00
307 +5.415946066e+00 +5.415946066e+00 +1.225594607e+01 +1.225594607e+01 -2.9063e+00 -1.3800e+00
351 +3.737284155e+00 +3.737284155e+00 +1.057728415e+01 +1.057728415e+01 -2.9568e+00 -2.1514e+00
2140 +6.085714818e-01 +6.085714818e-01 +7.448571482e+00 +7.448571482e+00 +1.2140e+00 +1.5308e+00
64201 +9.920143568e-02 +9.920143568e-02 +6.939201436e+00 +6.939201436e+00 +1.2350e+00 +1.3991e+00
% function evaluation | noise-free fitness - Fopt (-2.068000000000e+01) | best noise-free fitness - Fopt | measured fitness | best measured fitness | x1 | x2...
1 +6.203239503e+01 +6.203239503e+01 +4.135239503e+01 +4.135239503e+01 -2.8168e+00 -3.4605e+00
2 +7.293769307e+00 +7.293769307e+00 -1.338623069e+01 -1.338623069e+01 -2.5980e+00 +4.0407e+00
8 +4.622544285e+00 +4.622544285e+00 -1.605745571e+01 -1.605745571e+01 +1.7324e+00 -4.7939e-01
1007 +3.931757917e+00 +3.931757917e+00 -1.674824208e+01 -1.674824208e+01 -3.0114e+00 +3.6267e+00
4734 +1.241149595e+00 +1.241149595e+00 -1.943885041e+01 -1.943885041e+01 +1.6078e+00 -1.3070e+00
17543 +7.537353078e-01 +7.537353078e-01 -1.992626469e+01 -1.992626469e+01 +1.2141e+00 -1.3385e+00
39569 +5.124442486e-01 +5.124442486e-01 -2.016755575e+01 -2.016755575e+01 +8.9891e-01 -1.2500e+00
% function evaluation | noise-free fitness - Fopt (3.138500000000e+02) | best noise-free fitness - Fopt | measured fitness | best measured fitness | x1 | x2...
1 +1.345239128e+01 +1.345239128e+01 +3.273023913e+02 +3.273023913e+02 +1.1953e+00 -8.3569e-01
8 +7.214060679e+00 +7.214060679e+00 +3.210640607e+02 +3.210640607e+02 +1.9163e+00 -9.4738e-01
196 +5.259728456e+00 +5.259728456e+00 +3.191097285e+02 +3.191097285e+02 -4.8360e+00 +1.9801e+00
422 +3.647510519e+00 +3.647510519e+00 +3.174975105e+02 +3.174975105e+02 +1.0657e+00 -7.3870e-01
1059 +2.479689938e+00 +2.479689938e+00 +3.163296899e+02 +3.163296899e+02 -2.9229e+00 +2.7334e+00
2392 +6.388090709e-02 +6.388090709e-02 +3.139138809e+02 +3.139138809e+02 +1.1684e+00 -1.3291e+00
% function evaluation | noise-free fitness - Fopt (-1.640200000000e+02) | best noise-free fitness - Fopt | measured fitness | best measured fitness | x1 | x2...
1 +1.151335213e+01 +1.151335213e+01 -1.525066479e+02 -1.525066479e+02 -3.9197e-01 +4.9104e+00
3 +7.839314132e+00 +7.839314132e+00 -1.561806859e+02 -1.561806859e+02 -1.0875e+00 +3.5067e+00
193 +5.806490453e+00 +5.806490453e+00 -1.582135095e+02 -1.582135095e+02 -2.2285e+00 +3.2435e+00
1397 +3.790239248e+00 +3.790239248e+00 -1.602297608e+02 -1.602297608e+02 +7.5181e-01 -5.2693e-01
9123 +2.065503671e+00 +2.065503671e+00 -1.619544963e+02 -1.619544963e+02 +1.6655e+00 -1.2587e+00
12479 +2.596689818e-01 +2.596689818e-01 -1.637603310e+02 -1.637603310e+02 +1.2956e+00 -1.3619e+00
% function evaluation | noise-free fitness - Fopt (-1.000000000000e+03) | best noise-free fitness - Fopt | measured fitness | best measured fitness | x1 | x2...
1 +2.896246302e+01 +2.896246302e+01 -9.710375370e+02 -9.710375370e+02 +3.1128e+00 -3.2737e+00
5 +1.258596655e+01 +1.258596655e+01 -9.874140334e+02 -9.874140334e+02 +3.0624e+00 -4.7608e+00
21 +3.426766242e+00 +3.426766242e+00 -9.965732338e+02 -9.965732338e+02 +3.4350e+00 -4.1014e+00
480 +2.141772824e+00 +2.141772824e+00 -9.978582272e+02 -9.978582272e+02 +3.0218e+00 -2.8498e+00
2391 +1.147347439e+00 +1.147347439e+00 -9.988526526e+02 -9.988526526e+02 -1.2460e+00 +1.0272e+00
28760 +9.164056885e-01 +9.164056885e-01 -9.990835943e+02 -9.990835943e+02 -1.4004e+00 +1.1105e+00
38606 +3.742140544e-01 +3.742140544e-01 -9.996257859e+02 -9.996257859e+02 -9.9593e-01 +1.3570e+00
54020 +2.500204751e-01 +2.500204751e-01 -9.997499795e+02 -9.997499795e+02 -1.3790e+00 +1.0889e+00
% function evaluation | noise-free fitness - Fopt (-1.001300000000e+02) | best noise-free fitness - Fopt | measured fitness | best measured fitness | x1 | x2...
1 +7.543638033e+01 +7.543638033e+01 -2.469361967e+01 -2.469361967e+01 -3.8780e+00 +3.2340e+00
2 +4.214695317e+01 +4.214695317e+01 -5.798304683e+01 -5.798304683e+01 +1.2704e+00 -2.0864e-01
4 +2.948951165e+01 +2.948951165e+01 -7.064048835e+01 -7.064048835e+01 +4.7258e+00 -8.7100e-01
5 +2.251318754e+01 +2.251318754e+01 -7.761681246e+01 -7.761681246e+01 +2.0308e+00 -1.1999e+00
23 +5.991973573e+00 +5.991973573e+00 -9.413802643e+01 -9.413802643e+01 +2.3538e+00 -1.3464e+00
384 +1.593442398e+00 +1.593442398e+00 -9.853655760e+01 -9.853655760e+01 -1.3164e+00 +1.0508e+00
3451 +1.429776123e+00 +1.429776123e+00 -9.870022388e+01 -9.870022388e+01 -1.0298e+00 +1.6242e+00
11777 +8.560115732e-01 +8.560115732e-01 -9.927398843e+01 -9.927398843e+01 -1.6397e+00 +1.2679e+00
27285 +3.436872920e-01 +3.436872920e-01 -9.978631271e+01 -9.978631271e+01 -1.4487e+00 +1.1276e+00
69220 +2.505276835e-01 +2.505276835e-01 -9.987947232e+01 -9.987947232e+01 -1.3449e+00 +1.0593e+00
% function evaluation | noise-free fitness - Fopt (-3.085000000000e+01) | best noise-free fitness - Fopt | measured fitness | best measured fitness | x1 | x2...
1 +6.461771435e+01 +6.461771435e+01 +3.376771435e+01 +3.376771435e+01 -3.2316e+00 -1.2703e+00
2 +2.597681654e+01 +2.597681654e+01 -4.873183459e+00 -4.873183459e+00 +4.5773e+00 -2.3676e+00
4 +1.508340154e+01 +1.508340154e+01 -1.576659846e+01 -1.576659846e+01 -2.3788e-01 -3.6547e+00
13 +7.577904685e+00 +7.577904685e+00 -2.327209531e+01 -2.327209531e+01 +2.3841e+00 -1.9670e+00
163 +5.636742047e+00 +5.636742047e+00 -2.521325795e+01 -2.521325795e+01 +4.0890e+00 -2.3278e+00
585 +3.296894687e+00 +3.296894687e+00 -2.755310531e+01 -2.755310531e+01 -1.2060e+00 +1.8769e+00
1403 +1.903529247e+00 +1.903529247e+00 -2.894647075e+01 -2.894647075e+01 -1.0828e+00 +1.0496e+00
2875 +1.245902863e+00 +1.245902863e+00 -2.960409714e+01 -2.960409714e+01 -1.2264e+00 +7.2434e-01
8327 +5.731603569e-01 +5.731603569e-01 -3.027683964e+01 -3.027683964e+01 -1.5835e+00 +1.2892e+00
30368 +6.407499088e-02 +6.407499088e-02 -3.078592501e+01 -3.078592501e+01 -1.1592e+00 +1.3165e+00
82559 +5.851788195e-02 +5.851788195e-02 -3.079148212e+01 -3.079148212e+01 -1.3432e+00 +1.1873e+00
% function evaluation | noise-free fitness - Fopt (-9.200000000000e+00) | best noise-free fitness - Fopt | measured fitness | best measured fitness | x1 | x2...
1 +2.005609840e+01 +2.005609840e+01 +1.085609840e+01 +1.085609840e+01 -3.0942e+00 +3.1833e+00
4 +9.402801165e+00 +9.402801165e+00 +2.028011648e-01 +2.028011648e-01 -4.9716e+00 +1.1750e+00
17 +4.191567357e+00 +4.191567357e+00 -5.008432643e+00 -5.008432643e+00 -4.3499e+00 +3.4687e+00
475 +2.974731030e+00 +2.974731030e+00 -6.225268970e+00 -6.225268970e+00 -2.6001e+00 +2.0340e+00
1633 +1.372214479e+00 +1.372214479e+00 -7.827785521e+00 -7.827785521e+00 +7.8644e-01 -1.5657e+00
16914 +9.777434466e-01 +9.777434466e-01 -8.222256553e+00 -8.222256553e+00 +1.7159e+00 -1.1086e+00
58545 +2.332043392e-01 +2.332043392e-01 -8.966795661e+00 -8.966795661e+00 +1.2340e+00 -1.4142e+00
172974 +1.234550112e-01 +1.234550112e-01 -9.076544989e+00 -9.076544989e+00 +1.2623e+00 -1.0846e+00
% function evaluation | noise-free fitness - Fopt (-2.037600000000e+02) | best noise-free fitness - Fopt | measured fitness | best measured fitness | x1 | x2...
1 +1.425738013e+01 +1.425738013e+01 -1.895026199e+02 -1.895026199e+02 +2.1084e+00 +2.2384e+00
10 +8.586105739e+00 +8.586105739e+00 -1.951738943e+02 -1.951738943e+02 +4.5419e-01 +4.7866e+00
21 +4.591005524e+00 +4.591005524e+00 -1.991689945e+02 -1.991689945e+02 +3.7333e+00 +1.6690e+00
457 +2.698541918e+00 +2.698541918e+00 -2.010614581e+02 -2.010614581e+02 +3.0069e+00 +2.1079e+00
2289 +2.061608607e+00 +2.061608607e+00 -2.016983914e+02 -2.016983914e+02 -8.2444e-01 -7.6067e-01
24774 +1.094701372e+00 +1.094701372e+00 -2.026652986e+02 -2.026652986e+02 -8.8349e-01 -1.1215e+00
26509 +3.608871274e-01 +3.608871274e-01 -2.033991129e+02 -2.033991129e+02 -1.4817e+00 -1.3992e+00
% function evaluation | noise-free fitness - Fopt (3.399000000000e+01) | best noise-free fitness - Fopt | measured fitness | best measured fitness | x1 | x2...
1 +4.366371188e+01 +4.366371188e+01 +7.765371188e+01 +7.765371188e+01 +1.6715e+00 -2.7874e+00
2 +3.700041172e+01 +3.700041172e+01 +7.099041172e+01 +7.099041172e+01 +4.5090e+00 +1.6573e+00
8 +1.342457330e+01 +1.342457330e+01 +4.741457330e+01 +4.741457330e+01 +7.4816e-01 -1.7549e+00
9 +7.662664499e+00 +7.662664499e+00 +4.165266450e+01 +4.165266450e+01 -2.7728e+00 +1.4407e-01
17 +2.320210414e+00 +2.320210414e+00 +3.631021041e+01 +3.631021041e+01 -3.2690e+00 +2.5938e+00
24045 +1.481805749e+00 +1.481805749e+00 +3.547180575e+01 +3.547180575e+01 +1.3589e+00 -6.9064e-01
50734 +5.762987817e-01 +5.762987817e-01 +3.456629878e+01 +3.456629878e+01 +1.1943e+00 -1.3197e+00
73639 +3.118351403e-01 +3.118351403e-01 +3.430183514e+01 +3.430183514e+01 +1.3635e+00 -1.1255e+00
% function evaluation | noise-free fitness - Fopt (-1.000000000000e+03) | best noise-free fitness - Fopt | measured fitness | best measured fitness | x1 | x2...
1 +3.950935970e+01 +3.950935970e+01 -9.604906403e+02 -9.604906403e+02 -1.3894e+00 -4.9027e+00
7 +2.040575365e+01 +2.040575365e+01 -9.795942464e+02 -9.795942464e+02 +7.3804e-01 +2.9366e+00
18 +1.102354057e+01 +1.102354057e+01 -9.889764594e+02 -9.889764594e+02 -4.7819e+00 -4.1258e+00
20 +5.181150027e+00 +5.181150027e+00 -9.948188500e+02 -9.948188500e+02 -2.0374e+00 -8.5321e-01
363 +3.913830626e+00 +3.913830626e+00 -9.960861694e+02 -9.960861694e+02 -2.4891e+00 -1.2224e+00
2317 +2.359637706e+00 +2.359637706e+00 -9.976403623e+02 -9.976403623e+02 -3.2630e+00 -3.4984e+00
8393 +6.630116086e-01 +6.630116086e-01 -9.993369884e+02 -9.993369884e+02 +1.5326e+00 +1.4677e+00
117374 +4.044763587e-01 +4.044763587e-01 -9.995955236e+02 -9.995955236e+02 +1.1102e+00 +1.1431e+00
% function evaluation | noise-free fitness - Fopt (-1.000000000000e+03) | best noise-free fitness - Fopt | measured fitness | best measured fitness | x1 | x2...
1 +3.435183333e+01 +3.435183333e+01 -9.656481667e+02 -9.656481667e+02 -3.3777e-01 -1.4425e+00
22 +2.200426083e+01 +2.200426083e+01 -9.779957392e+02 -9.779957392e+02 +7.2614e-01 +2.2739e+00
69 +4.237233754e+00 +4.237233754e+00 -9.957627662e+02 -9.957627662e+02 -3.3111e+00 -2.5259e+00
350 +1.932643785e+00 +1.932643785e+00 -9.980673562e+02 -9.980673562e+02 +1.7686e+00 +8.3073e-01
10935 +1.219413732e+00 +1.219413732e+00 -9.987805863e+02 -9.987805863e+02 +1.0332e+00 +1.2283e+00
35793 +5.180360852e-01 +5.180360852e-01 -9.994819639e+02 -9.994819639e+02 +1.5024e+00 +1.0420e+00
54912 +3.326185669e-01 +3.326185669e-01 -9.996673814e+02 -9.996673814e+02 +1.1804e+00 +1.4941e+00
112684 +2.079796780e-01 +2.079796780e-01 -9.997920203e+02 -9.997920203e+02 +1.2637e+00 +1.2457e+00
% function evaluation | noise-free fitness - Fopt (-1.272000000000e+01) | best noise-free fitness - Fopt | measured fitness | best measured fitness | x1 | x2...
1 +2.037790047e+01 +2.037790047e+01 +7.657900475e+00 +7.657900475e+00 -4.7164e+00 -4.0676e+00
4 +1.334112222e+01 +1.334112222e+01 +6.211222154e-01 +6.211222154e-01 -3.9001e+00 -2.2015e+00
89 +8.229728280e+00 +8.229728280e+00 -4.490271720e+00 -4.490271720e+00 -8.1272e-01 -4.0795e+00
418 +4.883722478e+00 +4.883722478e+00 -7.836277522e+00 -7.836277522e+00 -3.2426e+00 -3.4160e+00
424 +2.334610900e+00 +2.334610900e+00 -1.038538910e+01 -1.038538910e+01 +1.4595e+00 +7.7680e-01
4508 +1.280505928e+00 +1.280505928e+00 -1.143949407e+01 -1.143949407e+01 +7.6391e-01 +1.1313e+00
20374 +4.650188549e-01 +4.650188549e-01 -1.225498115e+01 -1.225498115e+01 +1.3321e+00 +1.0580e+00
131623 +3.344953335e-01 +3.344953335e-01 -1.238550467e+01 -1.238550467e+01 +1.2774e+00 +1.2053e+00
% function evaluation | noise-free fitness - Fopt (-5.954000000000e+01) | best noise-free fitness - Fopt | measured fitness | best measured fitness | x1 | x2...
1 +2.741974878e+01 +2.741974878e+01 -3.212025122e+01 -3.212025122e+01 -3.4741e-01 +1.2348e+00
9 +4.160314359e+00 +4.160314359e+00 -5.537968564e+01 -5.537968564e+01 +3.5050e+00 +2.7766e+00
354 +3.826242397e+00 +3.826242397e+00 -5.571375760e+01 -5.571375760e+01 +2.5952e+00 +3.7896e+00
4177 +1.899617413e+00 +1.899617413e+00 -5.764038259e+01 -5.764038259e+01 -1.5864e+00 -1.5197e+00
7101 +9.265444341e-01 +9.265444341e-01 -5.861345557e+01 -5.861345557e+01 -1.0604e+00 -1.2670e+00
17118 +2.323429054e-01 +2.323429054e-01 -5.930765709e+01 -5.930765709e+01 -1.0813e+00 -1.1208e+00
% function evaluation | noise-free fitness - Fopt (-1.000000000000e+03) | best noise-free fitness - Fopt | measured fitness | best measured fitness | x1 | x2...
1 +5.408228295e+01 +5.408228295e+01 -9.459177171e+02 -9.459177171e+02 +6.6773e-01 +4.1513e+00
5 +2.329937989e+01 +2.329937989e+01 -9.767006201e+02 -9.767006201e+02 +4.9717e+00 -3.0439e+00
10 +1.055381176e+01 +1.055381176e+01 -9.894461882e+02 -9.894461882e+02 -6.4846e-01 -3.3957e+00
95 +6.136216201e+00 +6.136216201e+00 -9.938637838e+02 -9.938637838e+02 +2.5949e+00 -2.4617e+00
274 +3.152176828e+00 +3.152176828e+00 -9.968478232e+02 -9.968478232e+02 -1.0042e+00 +1.9512e+00
3016 +9.784121103e-01 +9.784121103e-01 -9.990215879e+02 -9.990215879e+02 -9.5333e-01 +1.2238e+00
53761 +4.229939131e-01 +4.229939131e-01 -9.995770061e+02 -9.995770061e+02 -1.1129e+00 +1.2526e+00
125181 +6.482582786e-02 +6.482582786e-02 -9.999351742e+02 -9.999351742e+02 -1.3237e+00 +1.2549e+00
177962 +5.216001538e-02 +5.216001538e-02 -9.999478400e+02 -9.999478400e+02 -1.2486e+00 +1.2474e+00
% function evaluation | noise-free fitness - Fopt (4.303000000000e+01) | best noise-free fitness - Fopt | measured fitness | best measured fitness | x1 | x2...
1 +2.656927965e+01 +2.656927965e+01 +6.959927965e+01 +6.959927965e+01 -5.1709e-02 +4.2464e-02
3 +2.261691976e+01 +2.261691976e+01 +6.564691976e+01 +6.564691976e+01 -5.3303e-01 +1.0692e+00
10 +1.537725640e+01 +1.537725640e+01 +5.840725640e+01 +5.840725640e+01 -2.4563e+00 +2.7536e+00
14 +7.914669157e+00 +7.914669157e+00 +5.094466916e+01 +5.094466916e+01 +1.3219e+00 -9.0826e-01
61 +5.869681635e+00 +5.869681635e+00 +4.889968164e+01 +4.889968164e+01 -3.8596e+00 +2.2824e+00
1105 +3.910850987e+00 +3.910850987e+00 +4.694085099e+01 +4.694085099e+01 -3.1108e+00 +3.4086e+00
3824 +2.410609950e+00 +2.410609950e+00 +4.544060995e+01 +4.544060995e+01 -3.4592e+00 +3.3129e+00
5447 +5.425693405e-01 +5.425693405e-01 +4.357256934e+01 +4.357256934e+01 +1.4437e+00 -9.9254e-01
70031 +3.030874913e-01 +3.030874913e-01 +4.333308749e+01 +4.333308749e+01 +1.2097e+00 -1.1754e+00
70545 +2.376772180e-01 +2.376772180e-01 +4.326767722e+01 +4.326767722e+01 +1.2463e+00 -1.2591e+00
% function evaluation | noise-free fitness - Fopt (-6.139000000000e+01) | best noise-free fitness - Fopt | measured fitness | best measured fitness | x1 | x2...
1 +5.296373961e+01 +5.296373961e+01 -8.426260387e+00 -8.426260387e+00 +2.8343e+00 -5.7403e-02
3 +1.999053096e+01 +1.999053096e+01 -4.139946904e+01 -4.139946904e+01 -5.5432e-01 +3.6968e-02
29 +9.545724610e+00 +9.545724610e+00 -5.184427539e+01 -5.184427539e+01 +5.6547e-01 +1.6783e-01
184 +6.151632173e+00 +6.151632173e+00 -5.523836783e+01 -5.523836783e+01 -1.5835e+00 -1.8016e+00
455 +3.422753570e+00 +3.422753570e+00 -5.796724643e+01 -5.796724643e+01 +1.7343e+00 +1.7935e+00
719 +8.943440561e-01 +8.943440561e-01 -6.049565594e+01 -6.049565594e+01 +1.4503e+00 +1.3656e+00
42979 +4.383314649e-01 +4.383314649e-01 -6.095166854e+01 -6.095166854e+01 +1.2828e+00 +1.1644e+00
71361 +3.518154129e-01 +3.518154129e-01 -6.103818459e+01 -6.103818459e+01 +1.0475e+00 +1.1307e+00
82552 +2.824351688e-02 +2.824351688e-02 -6.136175648e+01 -6.136175648e+01 +1.2551e+00 +1.2485e+00
% function evaluation | noise-free fitness - Fopt (7.340900000000e+02) | best noise-free fitness - Fopt | measured fitness | best measured fitness | x1 | x2...
1 +2.245611079e+01 +2.245611079e+01 +7.565461108e+02 +7.565461108e+02 -1.6137e+00 +5.5986e-01
4 +6.179042707e+00 +6.179042707e+00 +7.402690427e+02 +7.402690427e+02 -7.8900e-01 -3.5196e+00
18 +3.613280243e+00 +3.613280243e+00 +7.377032802e+02 +7.377032802e+02 -3.3705e+00 -1.7791e+00
234 +1.273118293e+00 +1.273118293e+00 +7.353631183e+02 +7.353631183e+02 +1.6300e+00 +1.4985e+00
5676 +6.303724596e-01 +6.303724596e-01 +7.347203725e+02 +7.347203725e+02 +1.3755e+00 +1.1422e+00
83164 +3.649446245e-01 +3.649446245e-01 +7.344549446e+02 +7.344549446e+02 +1.0310e+00 +1.0517e+00
% function evaluation | noise-free fitness - Fopt (2.190600000000e+02) | best noise-free fitness - Fopt | measured fitness | best measured fitness | x1 | x2...
1 +5.841885282e+01 +5.841885282e+01 +2.774788528e+02 +2.774788528e+02 -6.1418e-01 +4.2762e+00
2 +3.006981617e+01 +3.006981617e+01 +2.491298162e+02 +2.491298162e+02 +9.9764e-01 -1.3461e+00
3 +4.452977284e+00 +4.452977284e+00 +2.235129773e+02 +2.235129773e+02 -1.0987e+00 +6.1720e-01
169 +3.777684238e+00 +3.777684238e+00 +2.228376842e+02 +2.228376842e+02 +2.6970e+00 -1.6707e+00
1183 +2.411230949e+00 +2.411230949e+00 +2.214712309e+02 +2.214712309e+02 +3.0311e+00 -2.3401e+00
2715 +9.079533609e-01 +9.079533609e-01 +2.199679534e+02 +2.199679534e+02 -9.4874e-01 +1.2445e+00
14700 +2.384791652e-01 +2.384791652e-01 +2.192984792e+02 +2.192984792e+02 -1.3265e+00 +1.4112e+00
124175 +6.601622353e-02 +6.601622353e-02 +2.191260162e+02 +2.191260162e+02 -1.2559e+00 +1.2570e+00
% function evaluation | noise-free fitness - Fopt (1.504200000000e+02) | best noise-free fitness - Fopt | measured fitness | best measured fitness | x1 | x2...
1 +3.536539622e+01 +3.536539622e+01 +1.857853962e+02 +1.857853962e+02 +2.3349e+00 -8.5248e-01
3 +2.060076191e+01 +2.060076191e+01 +1.710207619e+02 +1.710207619e+02 -4.8035e+00 +2.8829e+00
19 +8.568189353e+00 +8.568189353e+00 +1.589881894e+02 +1.589881894e+02 -2.9113e+00 +7.8050e-02
67 +4.954279859e+00 +4.954279859e+00 +1.553742799e+02 +1.553742799e+02 +6.7055e-01 -8.3427e-01
1786 +2.597242743e+00 +2.597242743e+00 +1.530172427e+02 +1.530172427e+02 +1.8183e+00 -1.2078e+00
2070 +2.027137603e+00 +2.027137603e+00 +1.524471376e+02 +1.524471376e+02 +1.4104e+00 -1.2043e+00
16524 +1.548863927e+00 +1.548863927e+00 +1.519688639e+02 +1.519688639e+02 +1.6132e+00 -7.4829e-01
34891 +8.200769360e-01 +8.200769360e-01 +1.512400769e+02 +1.512400769e+02 +1.3028e+00 -1.2298e+00
44348 +5.273715620e-01 +5.273715620e-01 +1.509473716e+02 +1.509473716e+02 +1.3069e+00 -1.2233e+00
47526 +6.995247072e-02 +6.995247072e-02 +1.504899525e+02 +1.504899525e+02 +1.3026e+00 -1.2411e+00
% function evaluation | noise-free fitness - Fopt (-1.547400000000e+02) | best noise-free fitness - Fopt | measured fitness | best measured fitness | x1 | x2...
1 +1.312481823e+01 +1.312481823e+01 -1.416151818e+02 -1.416151818e+02 -2.5437e+00 -1.0966e+00
12 +6.251347972e+00 +6.251347972e+00 -1.484886520e+02 -1.484886520e+02 -2.0956e+00 -1.5260e+00
69 +3.784542723e+00 +3.784542723e+00 -1.509554573e+02 -1.509554573e+02 -1.6415e+00 -3.5964e-01
3498 +2.208528686e+00 +2.208528686e+00 -1.525314713e+02 -1.525314713e+02 -1.4427e+00 -1.9033e+00
13251 +4.720876538e-01 +4.720876538e-01 -1.542679123e+02 -1.542679123e+02 -1.4276e+00 -1.0738e+00
77495 +3.384638970e-01 +3.384638970e-01 -1.544015361e+02 -1.544015361e+02 -1.4691e+00 -1.3407e+00
121341 +2.078065891e-01 +2.078065891e-01 -1.545321934e+02 -1.545321934e+02 -1.2494e+00 -1.2534e+00
% function evaluation | noise-free fitness - Fopt (-2.032100000000e+02) | best noise-free fitness - Fopt | measured fitness | best measured fitness | x1 | x2...
1 +4.842270579e+01 +4.842270579e+01 -1.547872942e+02 -1.547872942e+02 -1.3065e+00 +2.9472e+00
4 +3.058064352e+01 +3.058064352e+01 -1.726293565e+02 -1.726293565e+02 -2.4038e-01 +2.7332e+00
6 +2.155686834e+01 +2.155686834e+01 -1.816531317e+02 -1.816531317e+02 +2.6450e+00 -3.3602e+00
17 +8.765726215e+00 +8.765726215e+00 -1.944442738e+02 -1.944442738e+02 +3.6808e+00 -3.9643e+00
181 +2.683130082e+00 +2.683130082e+00 -2.005268699e+02 -2.005268699e+02 -8.6650e-01 +1.3584e+00
645 +1.842511013e+00 +1.842511013e+00 -2.013674890e+02 -2.013674890e+02 -1.2588e+00 +1.8000e+00
17449 +6.774714669e-01 +6.774714669e-01 -2.025325285e+02 -2.025325285e+02 -9.8179e-01 +1.1279e+00
117354 +4.149214900e-01 +4.149214900e-01 -2.027950785e+02 -2.027950785e+02 -1.0123e+00 +1.2321e+00
% function evaluation | noise-free fitness - Fopt (1.000000000000e+03) | best noise-free fitness - Fopt | measured fitness | best measured fitness | x1 | x2...
1 +5.886672715e+01 +5.886672715e+01 +1.058866727e+03 +1.058866727e+03 +3.7108e+00 -3.6436e+00
2 +3.035566932e+01 +3.035566932e+01 +1.030355669e+03 +1.030355669e+03 +8.3137e-01 +1.8996e+00
8 +1.850764466e+01 +1.850764466e+01 +1.018507645e+03 +1.018507645e+03 -2.9495e+00 -4.6106e-01
21 +1.427653738e+01 +1.427653738e+01 +1.014276537e+03 +1.014276537e+03 -6.9195e-01 +7.1678e-02
65 +6.015984489e+00 +6.015984489e+00 +1.006015984e+03 +1.006015984e+03 +1.0267e+00 +1.8471e+00
153 +1.944107494e+00 +1.944107494e+00 +1.001944107e+03 +1.001944107e+03 -1.4398e+00 -1.4991e+00
15156 +1.546806963e+00 +1.546806963e+00 +1.001546807e+03 +1.001546807e+03 -8.9695e-01 -1.7588e+00
19931 +6.627080493e-01 +6.627080493e-01 +1.000662708e+03 +1.000662708e+03 -1.4193e+00 -1.1810e+00
53438 +3.198510297e-01 +3.198510297e-01 +1.000319851e+03 +1.000319851e+03 -1.4357e+00 -1.3360e+00
130782 +1.284658146e-01 +1.284658146e-01 +1.000128466e+03 +1.000128466e+03 -1.2131e+00 -1.0959e+00
% function evaluation | noise-free fitness - Fopt (8.633000000000e+01) | best noise-free fitness - Fopt | measured fitness | best measured fitness | x1 | x2...
1 +3.725637476e+01 +3.725637476e+01 +1.235863748e+02 +1.235863748e+02 +3.8929e+00 -1.1791e-01
2 +1.723864629e+01 +1.723864629e+01 +1.035686463e+02 +1.035686463e+02 -3.7512e-01 -3.5907e+00
18 +3.941522921e+00 +3.941522921e+00 +9.027152292e+01 +9.027152292e+01 +1.6103e+00 +6.2325e-01
1369 +2.475827871e+00 +2.475827871e+00 +8.880582787e+01 +8.880582787e+01 +1.1114e+00 +1.4305e+00
7200 +9.257591488e-01 +9.257591488e-01 +8.725575915e+01 +8.725575915e+01 +1.0357e+00 +9.2958e-01
20086 +1.097992803e-01 +1.097992803e-01 +8.643979928e+01 +8.643979928e+01 +1.2395e+00 +1.2520e+00
180006 +3.135912517e-02 +3.135912517e-02 +8.636135913e+01 +8.636135913e+01 +1.2439e+00 +1.2515e+00
% function evaluation | noise-free fitness - Fopt (1.905300000000e+02) | best noise-free fitness - Fopt | measured fitness | best measured fitness | x1 | x2...
1 +1.485856367e+01 +1.485856367e+01 +2.053885637e+02 +2.053885637e+02 +4.3456e+00 -5.0869e-02
10 +4.488876254e+00 +4.488876254e+00 +1.950188763e+02 +1.950188763e+02 +3.2426e+00 -2.8744e+00
319 +2.867116711e+00 +2.867116711e+00 +1.933971167e+02 +1.933971167e+02 +2.6764e+00 -2.8399e+00
12820 +1.378901664e+00 +1.378901664e+00 +1.919089017e+02 +1.919089017e+02 -1.2433e+00 +1.6535e+00
22709 +7.985148876e-01 +7.985148876e-01 +1.913285149e+02 +1.913285149e+02 -1.4084e+00 +1.0266e+00
28150 +3.725093036e-01 +3.725093036e-01 +1.909025093e+02 +1.909025093e+02 -1.0742e+00 +1.0316e+00
66602 +2.299661454e-01 +2.299661454e-01 +1.907599661e+02 +1.907599661e+02 -1.0723e+00 +1.1675e+00
% function evaluation | noise-free fitness - Fopt (3.178000000000e+01) | best noise-free fitness - Fopt | measured fitness | best measured fitness | x1 | x2...
1 +1.907052872e+01 +1.907052872e+01 +5.085052872e+01 +5.085052872e+01 +3.8952e+00 -1.3436e+00
9 +8.988304382e+00 +8.988304382e+00 +4.076830438e+01 +4.076830438e+01 +2.9385e+00 -1.3519e+00
421 +6.030902188e+00 +6.030902188e+00 +3.781090219e+01 +3.781090219e+01 +3.2700e+00 -3.3859e+00
725 +3.950195113e+00 +3.950195113e+00 +3.573019511e+01 +3.573019511e+01 +2.2600e+00 -1.4764e+00
4699 +2.470620710e+00 +2.470620710e+00 +3.425062071e+01 +3.425062071e+01 -1.4861e+00 +1.2799e+00
4775 +1.012872321e+00 +1.012872321e+00 +3.279287232e+01 +3.279287232e+01 -1.4580e+00 +1.3960e+00
31987 +8.764232318e-01 +8.764232318e-01 +3.265642323e+01 +3.265642323e+01 -1.3279e+00 +8.0310e-01
60629 +6.186948655e-01 +6.186948655e-01 +3.239869487e+01 +3.239869487e+01 -1.4847e+00 +1.1944e+00
% function evaluation | noise-free fitness - Fopt (1.741400000000e+02) | best noise-free fitness - Fopt | measured fitness | best measured fitness | x1 | x2...
1 +4.843123381e+01 +4.843123381e+01 +2.225712338e+02 +2.225712338e+02 -4.9115e+00 +3.7764e+00
2 +2.493933055e+01 +2.493933055e+01 +1.990793306e+02 +1.990793306e+02 -1.8640e+00 -2.7117e-01
3 +3.456940616e+00 +3.456940616e+00 +1.775969406e+02 +1.775969406e+02 +2.7274e+00 +1.7632e+00
527 +2.307193793e+00 +2.307193793e+00 +1.764471938e+02 +1.764471938e+02 +2.8243e+00 +2.7307e+00
3647 +5.696554895e-01 +5.696554895e-01 +1.747096555e+02 +1.747096555e+02 -1.4733e+00 -1.1016e+00
% function evaluation | noise-free fitness - Fopt (1.496600000000e+02) | best noise-free fitness - Fopt | measured fitness | best measured fitness | x1 | x2...
1 +1.481491501e+01 +1.481491501e+01 +1.644749150e+02 +1.644749150e+02 +4.1934e+00 -1.2444e+00
7 +3.752645629e+00 +3.752645629e+00 +1.534126456e+02 +1.534126456e+02 +1.6202e+00 +2.2323e+00
2630 +2.116810292e+00 +2.116810292e+00 +1.517768103e+02 +1.517768103e+02 -9.0756e-01 -1.4640e+00
3683 +1.401965734e+00 +1.401965734e+00 +1.510619657e+02 +1.510619657e+02 -1.0724e+00 -1.1956e+00
60526 +5.907529264e-01 +5.907529264e-01 +1.502507529e+02 +1.502507529e+02 -9.9909e-01 -1.5013e+00
% function evaluation | noise-free fitness - Fopt (-4.425600000000e+02) | best noise-free fitness - Fopt | measured fitness | best measured fitness | x1 | x2...
1 +2.029079478e+01 +2.029079478e+01 -4.222692052e+02 -4.222692052e+02 +1.1982e+00 +2.7143e+00
9 +1.357013733e+01 +1.357013733e+01 -4.289898627e+02 -4.289898627e+02 -1.6878e+00 -1.7667e+00
10 +9.281304900e+00 +9.281304900e+00 -4.332786951e+02 -4.332786951e+02 -3.4982e-01 -2.2378e+00
11 +5.580538101e+00 +5.580538101e+00 -4.369794619e+02 -4.369794619e+02 -1.7936e+00 -8.4000e-01
13 +3.166920675e+00 +3.166920675e+00 -4.393930793e+02 -4.393930793e+02 +1.6315e+00 +2.9468e+00
701 +8.599916427e-01 +8.599916427e-01 -4.417000084e+02 -4.417000084e+02 -1.3032e+00 -8.4492e-01
31350 +5.425352767e-01 +5.425352767e-01 -4.420174647e+02 -4.420174647e+02 -1.4043e+00 -1.3102e+00
% function evaluation | noise-free fitness - Fopt (1.583000000000e+01) | best noise-free fitness - Fopt | measured fitness | best measured fitness | x1 | x2...
1 +4.285492539e+01 +4.285492539e+01 +5.868492539e+01 +5.868492539e+01 -1.8786e-01 +4.4657e-01
2 +2.937963676e+01 +2.937963676e+01 +4.520963676e+01 +4.520963676e+01 +1.7342e+00 +2.8410e+00
8 +2.422559795e+01 +2.422559795e+01 +4.005559795e+01 +4.005559795e+01 -2.4798e+00 +1.8165e+00
10 +1.402218217e+01 +1.402218217e+01 +2.985218217e+01 +2.985218217e+01 -3.4648e+00 -5.2599e-01
17 +8.841181099e+00 +8.841181099e+00 +2.467118110e+01 +2.467118110e+01 -2.6805e+00 -4.2296e-01
559 +6.047256633e+00 +6.047256633e+00 +2.187725663e+01 +2.187725663e+01 -2.0915e+00 -3.7865e+00
609 +3.407138335e+00 +3.407138335e+00 +1.923713833e+01 +1.923713833e+01 -4.0559e+00 -2.0487e+00
3392 +6.471454378e-01 +6.471454378e-01 +1.647714544e+01 +1.647714544e+01 +1.3662e+00 +1.1855e+00
23630 +3.144906272e-01 +3.144906272e-01 +1.614449063e+01 +1.614449063e+01 +1.3996e+00 +1.3537e+00
% function evaluation | noise-free fitness - Fopt (-9.371200000000e+02) | best noise-free fitness - Fopt | measured fitness | best measured fitness | x1 | x2...
1 +2.765962340e+01 +2.765962340e+01 -9.094603766e+02 -9.094603766e+02 -2.5351e+00 +2.4204e+00
5 +2.246841084e+01 +2.246841084e+01 -9.146515892e+02 -9.146515892e+02 -4.9132e+00 -3.2862e+00
30 +1.314157378e+01 +1.314157378e+01 -9.239784262e+02 -9.239784262e+02 -3.4132e+00 -1.6010e+00
33 +8.621281893e+00 +8.621281893e+00 -9.284987181e+02 -9.284987181e+02 +1.6605e+00 +1.5108e+00
44 +6.042324455e+00 +6.042324455e+00 -9.310776755e+02 -9.310776755e+02 -2.8571e+00 -9.8836e-01
159 +1.535766794e+00 +1.535766794e+00 -9.355842332e+02 -9.355842332e+02 +1.7717e+00 +1.3815e+00
49829 +5.213461305e-01 +5.213461305e-01 -9.365986539e+02 -9.365986539e+02 +1.4215e+00 +1.0972e+00
85701 +3.170999619e-01 +3.170999619e-01 -9.368029000e+02 -9.368029000e+02 +1.2677e+00 +1.2553e+00
% function evaluation | noise-free fitness - Fopt (-1.553000000000e+01) | best noise-free fitness - Fopt | measured fitness | best measured fitness | x1 | x2...
1 +5.416172930e+01 +5.416172930e+01 +3.863172930e+01 +3.863172930e+01 -4.6929e+00 +4.7774e+00
2 +3.773727244e+01 +3.773727244e+01 +2.220727244e+01 +2.220727244e+01 -2.1386e+00 -4.0984e+00
5 +1.467437082e+01 +1.467437082e+01 -8.556291816e-01 -8.556291816e-01 +1.7010e+00 -3.7413e-01
14 +9.660126689e+00 +9.660126689e+00 -5.869873311e+00 -5.869873311e+00 -1.1308e+00 -6.8926e-01
187 +5.381124330e+00 +5.381124330e+00 -1.014887567e+01 -1.014887567e+01 +2.6128e+00 +4.2290e+00
420 +3.900174095e+00 +3.900174095e+00 -1.162982590e+01 -1.162982590e+01 +3.1868e+00 +3.9423e+00
4103 +2.129089794e+00 +2.129089794e+00 -1.340091021e+01 -1.340091021e+01 -1.5287e+00 -1.6250e+00
12283 +1.478443341e+00 +1.478443341e+00 -1.405155666e+01 -1.405155666e+01 -1.5599e+00 -1.0612e+00
45045 +9.534074680e-01 +9.534074680e-01 -1.457659253e+01 -1.457659253e+01 -9.6693e-01 -1.4003e+00
% function evaluation | noise-free fitness - Fopt (1.568800000000e+02) | best noise-free fitness - Fopt | measured fitness | best measured fitness | x1 | x2...
1 +2.333231013e+01 +2.333231013e+01 +1.802123101e+02 +1.802123101e+02 -1.7900e+00 -6.6676e-01
7 +5.770266102e+00 +5.770266102e+00 +1.626502661e+02 +1.626502661e+02 +4.3605e+00 +3.5190e+00
185 +1.261331735e+00 +1.261331735e+00 +1.581413317e+02 +1.581413317e+02 -1.4872e+00 -1.1455e+00
3494 +4.213403960e-01 +4.213403960e-01 +1.573013404e+02 +1.573013404e+02 -1.4581e+00 -1.1749e+00
75411 +2.890232689e-01 +2.890232689e-01 +1.571690233e+02 +1.571690233e+02 -1.2388e+00 -1.4890e+00
% function evaluation | noise-free fitness - Fopt (-5.710000000000e+00) | best noise-free fitness - Fopt | measured fitness | best measured fitness | x1 | x2...
1 +5.721268890e+01 +5.721268890e+01 +5.150268890e+01 +5.150268890e+01 +4.7654e+00 +3.5773e+00
2 +2.335571209e+01 +2.335571209e+01 +1.764571209e+01 +1.764571209e+01 -1.5182e+00 +4.4733e+00
19 +8.024034672e+00 +8.024034672e+00 +2.314034672e+00 +2.314034672e+00 -3.0824e+00 +3.2207e-01
118 +3.735807640e+00 +3.735807640e+00 -1.974192360e+00 -1.974192360e+00 +1.0530e+00 -1.6554e+00
2716 +2.197108139e+00 +2.197108139e+00 -3.512891861e+00 -3.512891861e+00 -2.8646e+00 +3.1099e+00
5699 +1.470323418e+00 +1.470323418e+00 -4.239676582e+00 -4.239676582e+00 +1.0013e+00 -7.0200e-01
21471 +7.238405633e-01 +7.238405633e-01 -4.986159437e+00 -4.986159437e+00 +8.7815e-01 -1.2024e+00
24716 +2.280433460e-01 +2.280433460e-01 -5.481956654e+00 -5.481956654e+00 +1.2562e+00 -1.2347e+00
147537 +9.176047398e-02 +9.176047398e-02 -5.618239526e+00 -5.618239526e+00 +1.3117e+00 -1.3880e+00
% function evaluation | noise-free fitness - Fopt (2.413000000000e+01) | best noise-free fitness - Fopt | measured fitness | best measured fitness | x1 | x2...
1 +2.469990415e+01 +2.469990415e+01 +4.882990415e+01 +4.882990415e+01 -2.7140e+00 +6.7285e-01
3 +3.399868405e+00 +3.399868405e+00 +2.752986841e+01 +2.752986841e+01 -1.8605e+00 -1.6722e+00
3392 +9.066252754e-01 +9.066252754e-01 +2.503662528e+01 +2.503662528e+01 -1.2679e+00 -1.2248e+00
21044 +5.417959480e-01 +5.417959480e-01 +2.467179595e+01 +2.467179595e+01 -1.4802e+00 -1.2227e+00
186298 +2.535745796e-01 +2.535745796e-01 +2.438357458e+01 +2.438357458e+01 -1.4894e+00 -1.2090e+00
% function evaluation | noise-free fitness - Fopt (-5.837000000000e+02) | best noise-free fitness - Fopt | measured fitness | best measured fitness | x1 | x2...
1 +3.149739522e+01 +3.149739522e+01 -5.522026048e+02 -5.522026048e+02 +1.8051e+00 -5.4309e-01
2 +2.668520837e+00 +2.668520837e+00 -5.810314792e+02 -5.810314792e+02 +7.1096e-01 +1.5097e+00
3819 +1.521551593e+00 +1.521551593e+00 -5.821784484e+02 -5.821784484e+02 +1.2856e+00 +1.0234e+00
47652 +6.394813057e-01 +6.394813057e-01 -5.830605187e+02 -5.830605187e+02 +1.5109e+00 +1.5242e+00
57315 +5.712018646e-01 +5.712018646e-01 -5.831287981e+02 -5.831287981e+02 +1.4560e+00 +1.1995e+00
73639 +9.127228446e-02 +9.127228446e-02 -5.836087277e+02 -5.836087277e+02 +1.2505e+00 +1.2455e+00
