40 44.42129825
40 40.94561440
40 44.76728434
39 48.30422576
40 50.26239998
39 45.36960631
39 45.03788417
39 40.17780605
39 44.34380109
40 47.14924740
39 46.74927138
38 38.87547851
40 42.95624099
41 46.67931424
41 49.24981017
36 49.70732122
37 47.83785135
36 44.45082260
37 51.50945968
37 48.16399415
36 50.57513809
36 48.63761871
36 51.55401312
37 50.64541296
37 47.16222881
36 53.25165502
37 50.47533936
36 52.96208813
37 51.95207719
36 51.42891428
32 48.34341449
32 49.06483171
32 53.80141725
32 51.51188962
32 50.98510378
32 52.57346673
32 48.23946982
33 50.76692221
32 49.63769589
32 48.61803603
33 52.52747040
32 47.64385012
33 53.91076276
32 51.68468014
32 50.92326237
30 44.87831098
31 49.54070874
31 54.08319310
30 50.52137145
30 52.28316905
30 52.85326103
30 53.59032241
30 46.92792128
29 50.27290280
31 54.10648708
31 52.78637004
30 50.91386439
31 49.21197596
30 50.93716383
30 55.39421765
