% function evaluation | noise-free fitness - Fopt (1.026100000000e+02) | best noise-free fitness - Fopt | measured fitness | best measured fitness | x1 | x2...
1 +2.732402785e+01 +2.732402785e+01 +1.299340279e+02 +1.299340279e+02 -2.3018e-01 -1.2994e+00
3 +2.351488046e+01 +2.351488046e+01 +1.261248805e+02 +1.261248805e+02 -1.1086e+00 +1.3881e+00
13 +1.562040279e+01 +1.562040279e+01 +1.182304028e+02 +1.182304028e+02 -4.0690e-01 +9.5582e-02
70 +4.093938781e+00 +4.093938781e+00 +1.067039388e+02 +1.067039388e+02 +1.9909e+00 -2.2231e+00
193 +2.938157342e+00 +2.938157342e+00 +1.055481573e+02 +1.055481573e+02 +2.4725e+00 -2.7108e+00
307 +2.140803123e+00 +2.140803123e+00 +1.047508031e+02 +1.047508031e+02 +3.1594e+00 -2.8651e+00
% function evaluation | noise-free fitness - Fopt (9.330000000000e+01) | best noise-free fitness - Fopt | measured fitness | best measured fitness | x1 | x2...
1 +5.303296276e+01 +5.303296276e+01 +1.463329628e+02 +1.463329628e+02 +1.9392e+00 +1.3026e+00
3 +3.250413255e+01 +3.250413255e+01 +1.258041325e+02 +1.258041325e+02 +2.0331e-02 +2.6164e+00
6 +1.125792180e+01 +1.125792180e+01 +1.045579218e+02 +1.045579218e+02 -1.8520e+00 +1.4713e+00
64 +9.948760048e+00 +9.948760048e+00 +1.032487600e+02 +1.032487600e+02 -1.7313e+00 -2.8125e-01
159 +3.188531476e+00 +3.188531476e+00 +9.648853148e+01 +9.648853148e+01 -1.5831e+00 +2.8262e+00
1181 +2.478766844e+00 +2.478766844e+00 +9.577876684e+01 +9.577876684e+01 -2.2005e+00 +3.0510e+00
% function evaluation | noise-free fitness - Fopt (1.364000000000e+01) | best noise-free fitness - Fopt | measured fitness | best measured fitness | x1 | x2...
1 +1.507747962e+01 +1.507747962e+01 +2.871747962e+01 +2.871747962e+01 +8.5564e-01 +2.1590e+00
25 +8.838225937e+00 +8.838225937e+00 +2.247822594e+01 +2.247822594e+01 -1.4616e+00 -4.2768e+00
28 +5.582917325e+00 +5.582917325e+00 +1.922291733e+01 +1.922291733e+01 -4.6689e+00 -1.4450e+00
354 +2.740165588e+00 +2.740165588e+00 +1.638016559e+01 +1.638016559e+01 -3.1620e+00 -3.5882e+00
808 +2.351879121e+00 +2.351879121e+00 +1.599187912e+01 +1.599187912e+01 -2.5465e+00 -2.7920e+00
% function evaluation | noise-free fitness - Fopt (1.948000000000e+02) | best noise-free fitness - Fopt | measured fitness | best measured fitness | x1 | x2...
1 +3.436186908e+01 +3.436186908e+01 +2.291618691e+02 +2.291618691e+02 -1.3435e+00 -2.5186e+00
4 +1.633497813e+01 +1.633497813e+01 +2.111349781e+02 +2.111349781e+02 -2.7287e-01 -1.0428e+00
19 +1.461168312e+01 +1.461168312e+01 +2.094116831e+02 +2.094116831e+02 -1.3933e-01 -5.2029e-01
87 +6.939739891e+00 +6.939739891e+00 +2.017397399e+02 +2.017397399e+02 +8.5994e-01 -1.5718e+00
241 +5.536954178e+00 +5.536954178e+00 +2.003369542e+02 +2.003369542e+02 +1.6123e+00 -1.8272e+00
315 +2.720327725e+00 +2.720327725e+00 +1.975203277e+02 +1.975203277e+02 +2.4628e+00 -2.1496e+00
1017 +2.252615348e+00 +2.252615348e+00 +1.970526153e+02 +1.970526153e+02 +3.4039e+00 -2.9334e+00
% function evaluation | noise-free fitness - Fopt (-1.335900000000e+02) | best noise-free fitness - Fopt | measured fitness | best measured fitness | x1 | x2...
1 +3.529095492e+01 +3.529095492e+01 -9.829904508e+01 -9.829904508e+01 -2.9277e+00 -7.5573e-01
9 +2.019217829e+01 +2.019217829e+01 -1.133978217e+02 -1.133978217e+02 +8.7107e-01 -3.3416e+00
12 +1.302527726e+01 +1.302527726e+01 -1.205647227e+02 -1.205647227e+02 -1.2835e+00 -4.6983e-01
15 +2.239669432e+00 +2.239669432e+00 -1.313503306e+02 -1.313503306e+02 +1.2338e+00 -8.9903e-01
56 +1.035759319e+00 +1.035759319e+00 -1.325542407e+02 -1.325542407e+02 +1.4057e+00 -1.1712e+00
3210 +6.336714531e-01 +6.336714531e-01 -1.329563285e+02 -1.329563285e+02 +1.5747e+00 -1.4482e+00
3629 +3.903212861e-01 +3.903212861e-01 -1.331996787e+02 -1.331996787e+02 +1.4834e+00 -1.3158e+00
4296 +1.480481358e-01 +1.480481358e-01 -1.334419519e+02 -1.334419519e+02 +1.1667e+00 -1.1118e+00
69352 +7.781843530e-02 +7.781843530e-02 -1.335121816e+02 -1.335121816e+02 +1.2533e+00 -1.2459e+00
% function evaluation | noise-free fitness - Fopt (1.543700000000e+02) | best noise-free fitness - Fopt | measured fitness | best measured fitness | x1 | x2...
1 +4.641814042e+01 +4.641814042e+01 +2.007881404e+02 +2.007881404e+02 +2.6063e+00 -1.2769e+00
2 +3.455835873e+01 +3.455835873e+01 +1.889283587e+02 +1.889283587e+02 -1.7078e+00 +3.1974e-01
3 +7.350940275e+00 +7.350940275e+00 +1.617209403e+02 +1.617209403e+02 -2.2695e+00 +5.5319e-01
87 +4.148567308e+00 +4.148567308e+00 +1.585185673e+02 +1.585185673e+02 -1.7187e+00 +1.8807e+00
497 +3.355203238e+00 +3.355203238e+00 +1.577252032e+02 +1.577252032e+02 -2.2799e+00 +2.6294e+00
729 +2.173173036e+00 +2.173173036e+00 +1.565431730e+02 +1.565431730e+02 -3.1602e+00 +2.4764e+00
% function evaluation | noise-free fitness - Fopt (-2.883300000000e+02) | best noise-free fitness - Fopt | measured fitness | best measured fitness | x1 | x2...
1 +1.519039333e+01 +1.519039333e+01 -2.731396067e+02 -2.731396067e+02 -1.2959e+00 -1.1532e+00
29 +8.485061031e+00 +8.485061031e+00 -2.798449390e+02 -2.798449390e+02 +8.3274e-01 -1.9868e+00
58 +4.822869342e+00 +4.822869342e+00 -2.835071307e+02 -2.835071307e+02 -1.7644e+00 +9.9102e-01
971 +3.044278158e+00 +3.044278158e+00 -2.852857218e+02 -2.852857218e+02 -1.0608e+00 +1.8943e+00
1091 +1.635553172e+00 +1.635553172e+00 -2.866944468e+02 -2.866944468e+02 -1.8221e+00 +1.3558e+00
1297 +7.157214730e-01 +7.157214730e-01 -2.876142785e+02 -2.876142785e+02 -1.0228e+00 +1.2255e+00
2592 +5.649641544e-01 +5.649641544e-01 -2.877650358e+02 -2.877650358e+02 -1.0181e+00 +1.1944e+00
8368 +3.751086021e-01 +3.751086021e-01 -2.879548914e+02 -2.879548914e+02 -1.2770e+00 +1.0532e+00
11870 +2.454381923e-01 +2.454381923e-01 -2.880845618e+02 -2.880845618e+02 -1.3667e+00 +1.2886e+00
31597 +1.382172553e-01 +1.382172553e-01 -2.881917827e+02 -2.881917827e+02 -1.1364e+00 +1.2255e+00
40022 +8.676129310e-02 +8.676129310e-02 -2.882432387e+02 -2.882432387e+02 -1.2496e+00 +1.2556e+00
69582 +2.090668938e-02 +2.090668938e-02 -2.883090933e+02 -2.883090933e+02 -1.2496e+00 +1.2450e+00
79136 +1.108690920e-02 +1.108690920e-02 -2.883189131e+02 -2.883189131e+02 -1.2505e+00 +1.2536e+00
138756 +8.740636298e-03 +8.740636298e-03 -2.883212594e+02 -2.883212594e+02 -1.2505e+00 +1.2518e+00
% function evaluation | noise-free fitness - Fopt (-5.381100000000e+02) | best noise-free fitness - Fopt | measured fitness | best measured fitness | x1 | x2...
1 +3.089475562e+01 +3.089475562e+01 -5.072152444e+02 -5.072152444e+02 -7.6952e-01 +3.0075e-01
7 +2.348649879e+01 +2.348649879e+01 -5.146235012e+02 -5.146235012e+02 +1.0972e+00 +6.0557e-01
18 +1.553519340e+01 +1.553519340e+01 -5.225748066e+02 -5.225748066e+02 +1.5540e-01 +1.9026e+00
35 +8.226420889e+00 +8.226420889e+00 -5.298835791e+02 -5.298835791e+02 +2.5896e+00 +1.2379e+00
67 +6.268072121e+00 +6.268072121e+00 -5.318419279e+02 -5.318419279e+02 +3.8203e+00 +2.0442e+00
224 +2.379034699e+00 +2.379034699e+00 -5.357309653e+02 -5.357309653e+02 +2.5366e+00 +2.9033e+00
% function evaluation | noise-free fitness - Fopt (7.478200000000e+02) | best noise-free fitness - Fopt | measured fitness | best measured fitness | x1 | x2...
1 +2.898306910e+01 +2.898306910e+01 +7.768030691e+02 +7.768030691e+02 -2.5129e+00 -3.1851e-01
3 +2.478465056e+01 +2.478465056e+01 +7.726046506e+02 +7.726046506e+02 +1.0388e+00 -8.8441e-01
6 +1.159516711e+01 +1.159516711e+01 +7.594151671e+02 +7.594151671e+02 -2.8281e+00 -8.5845e-01
18 +3.967021930e+00 +3.967021930e+00 +7.517870219e+02 +7.517870219e+02 -1.7193e+00 -1.0158e+00
398 +8.848737861e-01 +8.848737861e-01 +7.487048738e+02 +7.487048738e+02 -1.4386e+00 -1.0158e+00
% function evaluation | noise-free fitness - Fopt (1.667000000000e+01) | best noise-free fitness - Fopt | measured fitness | best measured fitness | x1 | x2...
1 +3.005147804e+01 +3.005147804e+01 +4.672147804e+01 +4.672147804e+01 +1.5185e+00 -1.2136e+00
2 +1.624631423e+01 +1.624631423e+01 +3.291631423e+01 +3.291631423e+01 -1.3343e+00 -6.8907e-01
11 +7.608772327e+00 +7.608772327e+00 +2.427877233e+01 +2.427877233e+01 -3.6125e-02 -2.6112e+00
28 +6.254332855e+00 +6.254332855e+00 +2.292433286e+01 +2.292433286e+01 +4.1342e+00 -2.5048e+00
406 +3.622737738e+00 +3.622737738e+00 +2.029273774e+01 +2.029273774e+01 +4.3209e+00 -2.3727e+00
3040 +2.307837565e+00 +2.307837565e+00 +1.897783756e+01 +1.897783756e+01 +3.2183e+00 -3.4465e+00
% function evaluation | noise-free fitness - Fopt (-6.277000000000e+01) | best noise-free fitness - Fopt | measured fitness | best measured fitness | x1 | x2...
1 +3.649022280e+01 +3.649022280e+01 -2.627977720e+01 -2.627977720e+01 -2.0261e+00 +9.7554e-01
2 +1.371167267e+01 +1.371167267e+01 -4.905832733e+01 -4.905832733e+01 -1.7165e+00 -9.6901e-01
35 +9.370317745e+00 +9.370317745e+00 -5.339968225e+01 -5.339968225e+01 -4.7817e+00 -1.0245e+00
136 +2.838545508e+00 +2.838545508e+00 -5.993145449e+01 -5.993145449e+01 -3.0781e+00 -1.9367e+00
1914 +2.016677652e+00 +2.016677652e+00 -6.075332235e+01 -6.075332235e+01 -2.9420e+00 -2.8813e+00
% function evaluation | noise-free fitness - Fopt (1.096000000000e+01) | best noise-free fitness - Fopt | measured fitness | best measured fitness | x1 | x2...
1 +4.086766509e+01 +4.086766509e+01 +5.182766509e+01 +5.182766509e+01 +3.7092e+00 +8.4013e-01
2 +2.281162774e+01 +2.281162774e+01 +3.377162774e+01 +3.377162774e+01 +2.3958e+00 +2.9535e+00
8 +1.041935192e+01 +1.041935192e+01 +2.137935192e+01 +2.137935192e+01 +2.1120e+00 -7.8299e-01
57 +6.472802908e+00 +6.472802908e+00 +1.743280291e+01 +1.743280291e+01 +7.4390e-01 -6.3612e-01
129 +5.972955803e+00 +5.972955803e+00 +1.693295580e+01 +1.693295580e+01 +1.5273e+00 -2.1292e+00
176 +2.828177905e+00 +2.828177905e+00 +1.378817790e+01 +1.378817790e+01 +9.8785e-01 -1.1703e+00
628 +1.965523743e+00 +1.965523743e+00 +1.292552374e+01 +1.292552374e+01 +1.4905e+00 -7.7044e-01
851 +1.476500062e+00 +1.476500062e+00 +1.243650006e+01 +1.243650006e+01 +7.5122e-01 -1.2328e+00
1109 +5.714308230e-01 +5.714308230e-01 +1.153143082e+01 +1.153143082e+01 +1.4925e+00 -9.6385e-01
5726 +1.680518191e-01 +1.680518191e-01 +1.112805182e+01 +1.112805182e+01 +1.1233e+00 -1.0896e+00
88871 +4.146945074e-03 +4.146945074e-03 +1.096414695e+01 +1.096414695e+01 +1.2504e+00 -1.2478e+00
% function evaluation | noise-free fitness - Fopt (9.038000000000e+01) | best noise-free fitness - Fopt | measured fitness | best measured fitness | x1 | x2...
1 +2.886280326e+01 +2.886280326e+01 +1.192428033e+02 +1.192428033e+02 -2.7347e+00 +7.5470e-01
10 +9.722927831e+00 +9.722927831e+00 +1.001029278e+02 +1.001029278e+02 -2.8594e+00 +5.8792e-02
24 +6.051361573e+00 +6.051361573e+00 +9.643136157e+01 +9.643136157e+01 -2.3983e+00 -2.5749e+00
298 +3.444518147e+00 +3.444518147e+00 +9.382451815e+01 +9.382451815e+01 -3.8689e+00 -3.4152e+00
1820 +2.436620578e+00 +2.436620578e+00 +9.281662058e+01 +9.281662058e+01 -3.3931e+00 -3.1204e+00
% function evaluation | noise-free fitness - Fopt (-2.635200000000e+02) | best noise-free fitness - Fopt | measured fitness | best measured fitness | x1 | x2...
1 +1.689086040e+01 +1.689086040e+01 -2.466291396e+02 -2.466291396e+02 -2.6808e-01 -8.1663e-01
34 +1.188148538e+01 +1.188148538e+01 -2.516385146e+02 -2.516385146e+02 +1.4136e+00 +4.4242e+00
41 +6.303195467e+00 +6.303195467e+00 -2.572168045e+02 -2.572168045e+02 +4.7028e+00 +2.7299e+00
249 +3.319489509e+00 +3.319489509e+00 -2.602005105e+02 -2.602005105e+02 +3.0704e+00 +2.2268e+00
507 +2.376130046e+00 +2.376130046e+00 -2.611438700e+02 -2.611438700e+02 +2.1664e+00 +2.9521e+00
% function evaluation | noise-free fitness - Fopt (3.101900000000e+02) | best noise-free fitness - Fopt | measured fitness | best measured fitness | x1 | x2...
1 +4.053266402e+01 +4.053266402e+01 +3.507226640e+02 +3.507226640e+02 +1.3661e+00 +2.2566e+00
5 +2.661550289e+01 +2.661550289e+01 +3.368055029e+02 +3.368055029e+02 +1.3655e+00 -1.5867e+00
7 +7.047973935e+00 +7.047973935e+00 +3.172379739e+02 +3.172379739e+02 -2.2264e-01 +7.6365e-01
41 +4.851581830e+00 +4.851581830e+00 +3.150415818e+02 +3.150415818e+02 +3.1287e+00 -8.3887e-01
633 +2.637913333e+00 +2.637913333e+00 +3.128279133e+02 +3.128279133e+02 +2.8400e+00 -2.7597e+00
792 +2.444814695e+00 +2.444814695e+00 +3.126348147e+02 +3.126348147e+02 +2.9567e+00 -3.1304e+00
56897 +1.496955263e+00 +1.496955263e+00 +3.116869553e+02 +3.116869553e+02 -1.0490e+00 +8.2228e-01
% function evaluation | noise-free fitness - Fopt (-5.638000000000e+01) | best noise-free fitness - Fopt | measured fitness | best measured fitness | x1 | x2...
1 +2.276429840e+01 +2.276429840e+01 -3.361570160e+01 -3.361570160e+01 +4.3934e-01 +7.7277e-01
8 +1.326909122e+01 +1.326909122e+01 -4.311090878e+01 -4.311090878e+01 -4.3031e-01 -1.7745e+00
28 +2.686097978e+00 +2.686097978e+00 -5.369390202e+01 -5.369390202e+01 +1.7526e+00 -1.6922e+00
136 +2.503790822e+00 +2.503790822e+00 -5.387620918e+01 -5.387620918e+01 +1.0404e+00 -1.1059e+00
1375 +6.126655508e-01 +6.126655508e-01 -5.576733445e+01 -5.576733445e+01 +1.0275e+00 -1.5043e+00
28128 +2.974747385e-01 +2.974747385e-01 -5.608252526e+01 -5.608252526e+01 +1.1353e+00 -1.0500e+00
74133 +1.182422703e-01 +1.182422703e-01 -5.626175773e+01 -5.626175773e+01 +1.1681e+00 -1.3253e+00
162929 +7.960077616e-02 +7.960077616e-02 -5.630039922e+01 -5.630039922e+01 +1.3312e+00 -1.1728e+00
% function evaluation | noise-free fitness - Fopt (-1.000000000000e+03) | best noise-free fitness - Fopt | measured fitness | best measured fitness | x1 | x2...
1 +4.382523820e+01 +4.382523820e+01 -9.561747618e+02 -9.561747618e+02 +3.1986e-01 -7.7963e-01
2 +3.000964125e+01 +3.000964125e+01 -9.699903588e+02 -9.699903588e+02 -2.1154e+00 -7.4811e-01
5 +1.789785229e+01 +1.789785229e+01 -9.821021477e+02 -9.821021477e+02 -3.1137e-01 -2.1198e+00
7 +8.218549019e+00 +8.218549019e+00 -9.917814510e+02 -9.917814510e+02 +2.2326e-01 -2.4972e+00
19 +4.451372405e+00 +4.451372405e+00 -9.955486276e+02 -9.955486276e+02 +1.1918e+00 -2.4224e+00
64 +2.983399393e+00 +2.983399393e+00 -9.970166006e+02 -9.970166006e+02 +2.2819e+00 -2.0141e+00
693 +2.395653432e+00 +2.395653432e+00 -9.976043466e+02 -9.976043466e+02 +2.9894e+00 -2.1445e+00
% function evaluation | noise-free fitness - Fopt (3.548000000000e+01) | best noise-free fitness - Fopt | measured fitness | best measured fitness | x1 | x2...
1 +5.142043499e+01 +5.142043499e+01 +8.690043499e+01 +8.690043499e+01 +2.1908e+00 -2.5413e+00
2 +3.518840915e+01 +3.518840915e+01 +7.066840915e+01 +7.066840915e+01 -3.0004e+00 +1.8004e-02
5 +1.428936743e+01 +1.428936743e+01 +4.976936743e+01 +4.976936743e+01 -3.3478e+00 -4.9349e+00
45 +7.967845499e+00 +7.967845499e+00 +4.344784550e+01 +4.344784550e+01 -6.3080e-01 -4.9349e+00
127 +4.222224656e+00 +4.222224656e+00 +3.970222466e+01 +3.970222466e+01 +9.6836e-01 +6.1271e-01
887 +3.804062950e+00 +3.804062950e+00 +3.928406295e+01 +3.928406295e+01 -2.1986e+00 -1.6021e+00
2332 +2.464680403e+00 +2.464680403e+00 +3.794468040e+01 +3.794468040e+01 -3.7147e+00 -3.1503e+00
% function evaluation | noise-free fitness - Fopt (-5.263000000000e+01) | best noise-free fitness - Fopt | measured fitness | best measured fitness | x1 | x2...
1 +6.034299597e+01 +6.034299597e+01 +7.712995969e+00 +7.712995969e+00 -6.9253e-01 -2.6033e+00
2 +1.871218577e+01 +1.871218577e+01 -3.391781423e+01 -3.391781423e+01 -1.7374e+00 +1.1834e+00
6 +1.173887421e+01 +1.173887421e+01 -4.089112579e+01 -4.089112579e+01 -1.3818e+00 +3.4377e+00
14 +9.802019827e+00 +9.802019827e+00 -4.282798017e+01 -4.282798017e+01 -1.6938e+00 -2.0619e-01
42 +4.710419804e+00 +4.710419804e+00 -4.791958020e+01 -4.791958020e+01 +1.2404e+00 -1.8809e+00
507 +1.612671538e+00 +1.612671538e+00 -5.101732846e+01 -5.101732846e+01 +1.0572e+00 -1.3462e+00
3002 +2.942567132e-01 +2.942567132e-01 -5.233574329e+01 -5.233574329e+01 +1.2404e+00 -1.3918e+00
13687 +1.991406124e-01 +1.991406124e-01 -5.243085939e+01 -5.243085939e+01 +1.0572e+00 -1.3383e+00
133162 +1.154252904e-01 +1.154252904e-01 -5.251457471e+01 -5.251457471e+01 +1.2404e+00 -1.3884e+00
% function evaluation | noise-free fitness - Fopt (-6.888900000000e+02) | best noise-free fitness - Fopt | measured fitness | best measured fitness | x1 | x2...
1 +3.219107437e+01 +3.219107437e+01 -6.566989256e+02 -6.566989256e+02 -2.0550e+00 -9.4581e-01
3 +2.225261582e+01 +2.225261582e+01 -6.666373842e+02 -6.666373842e+02 -4.3781e-01 -8.7241e-01
28 +1.287016406e+01 +1.287016406e+01 -6.760198359e+02 -6.760198359e+02 +3.3078e+00 -2.8879e+00
54 +2.405974979e+00 +2.405974979e+00 -6.864840250e+02 -6.864840250e+02 -7.9261e-01 +1.8346e+00
164038 +1.565049349e+00 +1.565049349e+00 -6.873249507e+02 -6.873249507e+02 -6.8698e-01 +1.1401e+00
% function evaluation | noise-free fitness - Fopt (-4.089000000000e+01) | best noise-free fitness - Fopt | measured fitness | best measured fitness | x1 | x2...
1 +4.974681983e+01 +4.974681983e+01 +8.856819831e+00 +8.856819831e+00 +1.1149e+00 +3.0807e-01
2 +2.908298409e+01 +2.908298409e+01 -1.180701591e+01 -1.180701591e+01 +4.1762e+00 +1.2195e-01
4 +1.512751067e+01 +1.512751067e+01 -2.576248933e+01 -2.576248933e+01 +3.0856e+00 -2.5721e+00
35 +8.364732815e+00 +8.364732815e+00 -3.252526719e+01 -3.252526719e+01 +3.8759e+00 -2.1895e+00
73 +3.407252758e+00 +3.407252758e+00 -3.748274724e+01 -3.748274724e+01 +1.6394e+00 -2.8141e+00
112 +2.415169015e+00 +2.415169015e+00 -3.847483099e+01 -3.847483099e+01 +2.2812e+00 -2.4850e+00
% function evaluation | noise-free fitness - Fopt (-2.512400000000e+02) | best noise-free fitness - Fopt | measured fitness | best measured fitness | x1 | x2...
1 +3.666853913e+01 +3.666853913e+01 -2.145714609e+02 -2.145714609e+02 +2.0049e+00 -5.9016e-01
2 +1.273859036e+01 +1.273859036e+01 -2.385014096e+02 -2.385014096e+02 -3.9842e-02 -2.6846e+00
11 +5.387562098e+00 +5.387562098e+00 -2.458524379e+02 -2.458524379e+02 -1.9258e+00 -1.1358e+00
161 +3.114068826e+00 +3.114068826e+00 -2.481259312e+02 -2.481259312e+02 -2.0942e+00 -2.9711e+00
876 +2.193754797e+00 +2.193754797e+00 -2.490462452e+02 -2.490462452e+02 -3.3393e+00 -3.2067e+00
% function evaluation | noise-free fitness - Fopt (-3.288000000000e+01) | best noise-free fitness - Fopt | measured fitness | best measured fitness | x1 | x2...
1 +3.458244198e+01 +3.458244198e+01 +1.702441982e+00 +1.702441982e+00 +1.3686e+00 +3.2008e+00
3 +2.497343935e+01 +2.497343935e+01 -7.906560649e+00 -7.906560649e+00 +2.6034e+00 -3.7819e-01
13 +1.431275981e+01 +1.431275981e+01 -1.856724019e+01 -1.856724019e+01 -8.7731e-01 -3.6019e+00
70 +9.978291777e+00 +9.978291777e+00 -2.290170822e+01 -2.290170822e+01 -1.5106e+00 +1.3722e+00
130 +4.245472159e+00 +4.245472159e+00 -2.863452784e+01 -2.863452784e+01 -1.6841e+00 +8.0954e-01
207 +2.781600551e+00 +2.781600551e+00 -3.009839945e+01 -3.009839945e+01 -1.3597e+00 +4.4000e-01
493 +1.815429054e+00 +1.815429054e+00 -3.106457095e+01 -3.106457095e+01 -1.3087e+00 +7.2051e-01
711 +1.530238291e+00 +1.530238291e+00 -3.134976171e+01 -3.134976171e+01 -1.2585e+00 +1.3450e+00
2540 +3.848512866e-01 +3.848512866e-01 -3.249514871e+01 -3.249514871e+01 -1.2040e+00 +1.5354e+00
18339 +1.138762111e-01 +1.138762111e-01 -3.276612379e+01 -3.276612379e+01 -1.2709e+00 +1.1050e+00
18858 +6.800900902e-02 +6.800900902e-02 -3.281199099e+01 -3.281199099e+01 -1.2351e+00 +1.3171e+00
28847 +6.203071460e-02 +6.203071460e-02 -3.281796929e+01 -3.281796929e+01 -1.2572e+00 +1.1729e+00
66262 +2.989963553e-02 +2.989963553e-02 -3.285010036e+01 -3.285010036e+01 -1.2521e+00 +1.2539e+00
% function evaluation | noise-free fitness - Fopt (-8.570000000000e+00) | best noise-free fitness - Fopt | measured fitness | best measured fitness | x1 | x2...
1 +2.774492064e+01 +2.774492064e+01 +1.917492064e+01 +1.917492064e+01 +2.4039e-01 +1.4597e+00
4 +2.385974899e+01 +2.385974899e+01 +1.528974899e+01 +1.528974899e+01 -1.3486e+00 +1.0999e+00
20 +1.444949001e+01 +1.444949001e+01 +5.879490013e+00 +5.879490013e+00 -6.9674e-01 -1.4324e-01
24 +8.417261232e+00 +8.417261232e+00 -1.527387683e-01 -1.527387683e-01 +4.4832e+00 +7.0218e-01
222 +4.625421972e+00 +4.625421972e+00 -3.944578028e+00 -3.944578028e+00 +4.1347e+00 +1.3279e+00
261 +3.357687290e+00 +3.357687290e+00 -5.212312710e+00 -5.212312710e+00 +2.6330e+00 +1.7653e+00
737 +2.444083545e+00 +2.444083545e+00 -6.125916455e+00 -6.125916455e+00 +2.5763e+00 +3.1182e+00
189610 +1.168174277e+00 +1.168174277e+00 -7.401825723e+00 -7.401825723e+00 -1.1427e+00 -1.1525e+00
% function evaluation | noise-free fitness - Fopt (-1.402500000000e+02) | best noise-free fitness - Fopt | measured fitness | best measured fitness | x1 | x2...
1 +3.017387674e+01 +3.017387674e+01 -1.100761233e+02 -1.100761233e+02 +2.6749e-01 -1.1252e+00
2 +1.728527306e+01 +1.728527306e+01 -1.229647269e+02 -1.229647269e+02 -1.2388e-01 -1.5641e+00
7 +9.198156960e+00 +9.198156960e+00 -1.310518430e+02 -1.310518430e+02 -1.8526e+00 -2.4218e+00
235 +6.044659179e+00 +6.044659179e+00 -1.342053408e+02 -1.342053408e+02 -2.9891e+00 -6.4188e-01
327 +3.227072603e+00 +3.227072603e+00 -1.370229274e+02 -1.370229274e+02 -2.5099e+00 -1.5872e+00
3056 +2.417626654e+00 +2.417626654e+00 -1.378323733e+02 -1.378323733e+02 -2.9076e+00 -2.8801e+00
% function evaluation | noise-free fitness - Fopt (2.817400000000e+02) | best noise-free fitness - Fopt | measured fitness | best measured fitness | x1 | x2...
1 +2.141953794e+01 +2.141953794e+01 +3.031595379e+02 +3.031595379e+02 +1.6015e+00 +5.2068e-01
14 +8.580735714e+00 +8.580735714e+00 +2.903207357e+02 +2.903207357e+02 +2.4884e+00 -9.0835e-02
20 +7.431849690e-01 +7.431849690e-01 +2.824831850e+02 +2.824831850e+02 -1.1862e+00 -9.3335e-01
1009 +5.850255142e-01 +5.850255142e-01 +2.823250255e+02 +2.823250255e+02 -1.3739e+00 -1.0901e+00
1734 +3.758158571e-01 +3.758158571e-01 +2.821158159e+02 +2.821158159e+02 -1.2836e+00 -1.0007e+00
16418 +4.509735017e-02 +4.509735017e-02 +2.817850974e+02 +2.817850974e+02 -1.2516e+00 -1.2471e+00
132818 +2.109158018e-02 +2.109158018e-02 +2.817610916e+02 +2.817610916e+02 -1.2516e+00 -1.2456e+00
% function evaluation | noise-free fitness - Fopt (7.814000000000e+01) | best noise-free fitness - Fopt | measured fitness | best measured fitness | x1 | x2...
1 +4.023808154e+01 +4.023808154e+01 +1.183780815e+02 +1.183780815e+02 +2.6583e+00 -1.4469e+00
3 +3.718263465e+01 +3.718263465e+01 +1.153226346e+02 +1.153226346e+02 -6.1061e-02 +1.0089e+00
7 +1.864144089e+01 +1.864144089e+01 +9.678144089e+01 +9.678144089e+01 -1.2724e+00 -1.8476e+00
14 +6.761846827e+00 +6.761846827e+00 +8.490184683e+01 +8.490184683e+01 +3.2268e+00 +3.7461e-01
31 +2.977825401e+00 +2.977825401e+00 +8.111782540e+01 +8.111782540e+01 +2.4201e+00 +3.4036e+00
903 +2.389457958e+00 +2.389457958e+00 +8.052945796e+01 +8.052945796e+01 +3.3210e+00 +2.7872e+00
% function evaluation | noise-free fitness - Fopt (-2.405100000000e+02) | best noise-free fitness - Fopt | measured fitness | best measured fitness | x1 | x2...
1 +1.531323169e+01 +1.531323169e+01 -2.251967683e+02 -2.251967683e+02 +3.0777e-01 +9.0428e-01
14 +7.271424625e+00 +7.271424625e+00 -2.332385754e+02 -2.332385754e+02 -1.1148e-01 -7.3256e-01
164 +4.830193211e+00 +4.830193211e+00 -2.356798068e+02 -2.356798068e+02 +1.1808e+00 +2.0050e+00
191 +2.213919908e+00 +2.213919908e+00 -2.382960801e+02 -2.382960801e+02 -1.8262e+00 -8.8310e-01
322 +3.144122093e-01 +3.144122093e-01 -2.401955878e+02 -2.401955878e+02 -1.2264e+00 -1.3896e+00
% function evaluation | noise-free fitness - Fopt (-1.896000000000e+01) | best noise-free fitness - Fopt | measured fitness | best measured fitness | x1 | x2...
1 +5.019085065e+01 +5.019085065e+01 +3.123085065e+01 +3.123085065e+01 -2.8083e+00 +2.2288e+00
2 +1.556035522e+01 +1.556035522e+01 -3.399644782e+00 -3.399644782e+00 -5.1523e-01 -1.0677e+00
7 +3.725209099e+00 +3.725209099e+00 -1.523479090e+01 -1.523479090e+01 -2.0010e+00 +8.2171e-01
1648 +2.442054915e+00 +2.442054915e+00 -1.651794509e+01 -1.651794509e+01 -1.5348e+00 +6.8755e-01
2461 +1.036063557e+00 +1.036063557e+00 -1.792393644e+01 -1.792393644e+01 -1.4584e+00 +1.5295e+00
4232 +6.889807112e-01 +6.889807112e-01 -1.827101929e+01 -1.827101929e+01 -1.2207e+00 +1.4608e+00
5229 +4.350028696e-01 +4.350028696e-01 -1.852499713e+01 -1.852499713e+01 -1.1289e+00 +1.0082e+00
8887 +3.258468534e-01 +3.258468534e-01 -1.863415315e+01 -1.863415315e+01 -1.1333e+00 +1.2148e+00
27247 +1.787852888e-01 +1.787852888e-01 -1.878121471e+01 -1.878121471e+01 -1.1421e+00 +1.2148e+00
136237 +6.889927370e-02 +6.889927370e-02 -1.889110073e+01 -1.889110073e+01 -1.3648e+00 +1.2836e+00
141702 +5.309057073e-02 +5.309057073e-02 -1.890690943e+01 -1.890690943e+01 -1.2420e+00 +1.2510e+00
% function evaluation | noise-free fitness - Fopt (7.708000000000e+01) | best noise-free fitness - Fopt | measured fitness | best measured fitness | x1 | x2...
1 +3.756469453e+01 +3.756469453e+01 +1.146446945e+02 +1.146446945e+02 -4.8805e-01 -1.3365e+00
4 +1.910218652e+01 +1.910218652e+01 +9.618218652e+01 +9.618218652e+01 -2.6110e+00 -2.9456e-01
19 +1.363505353e+01 +1.363505353e+01 +9.071505353e+01 +9.071505353e+01 -7.4375e-01 -4.5404e-01
57 +7.244480931e+00 +7.244480931e+00 +8.432448093e+01 +8.432448093e+01 +4.4316e-01 -2.6410e-01
100 +3.741845843e+00 +3.741845843e+00 +8.082184584e+01 +8.082184584e+01 -2.1184e+00 +1.6176e+00
4038 +2.309063208e+00 +2.309063208e+00 +7.938906321e+01 +7.938906321e+01 -2.3731e+00 +2.9316e+00
% function evaluation | noise-free fitness - Fopt (-3.068400000000e+02) | best noise-free fitness - Fopt | measured fitness | best measured fitness | x1 | x2...
1 +1.471942051e+01 +1.471942051e+01 -2.921205795e+02 -2.921205795e+02 +2.8934e-01 -2.9002e+00
65 +3.741014778e+00 +3.741014778e+00 -3.030989852e+02 -3.030989852e+02 -3.3837e+00 -2.8065e+00
1722 +2.282839205e+00 +2.282839205e+00 -3.045571608e+02 -3.045571608e+02 -2.7021e+00 -2.4691e+00
% function evaluation | noise-free fitness - Fopt (1.717600000000e+02) | best noise-free fitness - Fopt | measured fitness | best measured fitness | x1 | x2...
1 +2.138018276e+01 +2.138018276e+01 +1.931401828e+02 +1.931401828e+02 -6.6108e-01 +1.5547e+00
12 +1.041855094e+01 +1.041855094e+01 +1.821785509e+02 +1.821785509e+02 +1.6858e+00 +2.4439e+00
56 +8.233472478e+00 +8.233472478e+00 +1.799934725e+02 +1.799934725e+02 +1.9239e+00 +7.2322e-01
130 +5.673828554e+00 +5.673828554e+00 +1.774338286e+02 +1.774338286e+02 +1.7485e+00 +3.1570e+00
328 +3.881395863e+00 +3.881395863e+00 +1.756413959e+02 +1.756413959e+02 +3.1266e+00 +2.4089e+00
588 +2.194244496e+00 +2.194244496e+00 +1.739542445e+02 +1.739542445e+02 +3.3668e+00 +3.0829e+00
% function evaluation | noise-free fitness - Fopt (-1.763000000000e+01) | best noise-free fitness - Fopt | measured fitness | best measured fitness | x1 | x2...
1 +1.864156677e+01 +1.864156677e+01 +1.011566774e+00 +1.011566774e+00 +2.1149e-01 +9.9600e-01
19 +1.078545994e+01 +1.078545994e+01 -6.844540060e+00 -6.844540060e+00 +8.2565e-01 -4.4713e-01
28 +8.962222037e+00 +8.962222037e+00 -8.667777963e+00 -8.667777963e+00 -4.7179e+00 +2.5024e+00
57 +3.826970335e+00 +3.826970335e+00 -1.380302967e+01 -1.380302967e+01 +4.3843e-01 -1.0172e+00
1843 +2.394385030e+00 +2.394385030e+00 -1.523561497e+01 -1.523561497e+01 -3.4355e+00 +2.9029e+00
4857 +7.898998839e-01 +7.898998839e-01 -1.684010012e+01 -1.684010012e+01 +9.3489e-01 -1.0172e+00
% function evaluation | noise-free fitness - Fopt (-5.858000000000e+01) | best noise-free fitness - Fopt | measured fitness | best measured fitness | x1 | x2...
1 +2.699791079e+01 +2.699791079e+01 -3.158208921e+01 -3.158208921e+01 +2.0457e-01 +6.8020e-01
3 +1.677662179e+01 +1.677662179e+01 -4.180337821e+01 -4.180337821e+01 +2.1395e+00 +2.3111e-02
20 +1.388021120e+01 +1.388021120e+01 -4.469978880e+01 -4.469978880e+01 +3.8143e+00 +1.3490e-01
67 +8.053375885e+00 +8.053375885e+00 -5.052662411e+01 -5.052662411e+01 +3.2206e+00 +8.8109e-01
91 +5.104183025e+00 +5.104183025e+00 -5.347581698e+01 -5.347581698e+01 +1.5217e+00 +1.6887e+00
373 +2.747241722e+00 +2.747241722e+00 -5.583275828e+01 -5.583275828e+01 +3.3931e+00 +3.2770e+00
709 +1.805567814e+00 +1.805567814e+00 -5.677443219e+01 -5.677443219e+01 -7.0276e-01 -1.2572e+00
24829 +5.066803791e-01 +5.066803791e-01 -5.807331962e+01 -5.807331962e+01 -9.7646e-01 -1.2572e+00
% function evaluation | noise-free fitness - Fopt (-6.010000000000e+01) | best noise-free fitness - Fopt | measured fitness | best measured fitness | x1 | x2...
1 +2.067820958e+01 +2.067820958e+01 -3.942179042e+01 -3.942179042e+01 +8.6328e-02 -3.6356e-01
5 +1.081748577e+01 +1.081748577e+01 -4.928251423e+01 -4.928251423e+01 -8.6568e-01 -2.2583e+00
87 +9.994626910e+00 +9.994626910e+00 -5.010537309e+01 -5.010537309e+01 +3.9769e-01 -2.2307e+00
211 +2.366707966e+00 +2.366707966e+00 -5.773329203e+01 -5.773329203e+01 -2.6692e+00 -3.3252e+00
% function evaluation | noise-free fitness - Fopt (1.489000000000e+01) | best noise-free fitness - Fopt | measured fitness | best measured fitness | x1 | x2...
1 +1.830529274e+01 +1.830529274e+01 +3.319529274e+01 +3.319529274e+01 +3.5604e-01 -1.6034e+00
14 +1.306236768e+01 +1.306236768e+01 +2.795236768e+01 +2.795236768e+01 -3.4449e+00 +1.9297e+00
30 +4.966998112e+00 +4.966998112e+00 +1.985699811e+01 +1.985699811e+01 +3.6907e-01 -1.4799e+00
212 +3.589496898e+00 +3.589496898e+00 +1.847949690e+01 +1.847949690e+01 -3.8094e+00 +1.7223e+00
678 +2.381838084e+00 +2.381838084e+00 +1.727183808e+01 +1.727183808e+01 -2.8923e+00 +3.5375e+00
% function evaluation | noise-free fitness - Fopt (3.193500000000e+02) | best noise-free fitness - Fopt | measured fitness | best measured fitness | x1 | x2...
1 +4.692613656e+01 +4.692613656e+01 +3.662761366e+02 +3.662761366e+02 +2.8558e+00 +8.3650e-01
2 +3.411592062e+01 +3.411592062e+01 +3.534659206e+02 +3.534659206e+02 +6.1496e-01 +5.4039e-01
12 +1.533991206e+01 +1.533991206e+01 +3.346899121e+02 +3.346899121e+02 -1.6603e+00 -1.4293e+00
15 +4.156164457e+00 +4.156164457e+00 +3.235061645e+02 +3.235061645e+02 +1.7864e+00 -9.7031e-01
291 +3.067222501e+00 +3.067222501e+00 +3.224172225e+02 +3.224172225e+02 +8.9739e-01 -1.4650e+00
596 +1.245324970e+00 +1.245324970e+00 +3.205953250e+02 +3.205953250e+02 +1.2863e+00 -1.2499e+00
1169 +7.777774164e-01 +7.777774164e-01 +3.201277774e+02 +3.201277774e+02 +1.4791e+00 -1.3032e+00
2269 +3.579606595e-01 +3.579606595e-01 +3.197079607e+02 +3.197079607e+02 +1.5089e+00 -1.3032e+00
4242 +3.748165103e-02 +3.748165103e-02 +3.193874817e+02 +3.193874817e+02 +1.2452e+00 -1.2497e+00
62102 +1.422338861e-02 +1.422338861e-02 +3.193642234e+02 +3.193642234e+02 +1.2459e+00 -1.2503e+00
100542 +6.965274722e-03 +6.965274722e-03 +3.193569653e+02 +3.193569653e+02 +1.2499e+00 -1.2503e+00
% function evaluation | noise-free fitness - Fopt (-1.315700000000e+02) | best noise-free fitness - Fopt | measured fitness | best measured fitness | x1 | x2...
1 +1.502849672e+01 +1.502849672e+01 -1.165415033e+02 -1.165415033e+02 +2.0514e-01 +9.4376e-01
4 +4.425713324e+00 +4.425713324e+00 -1.271442867e+02 -1.271442867e+02 +3.8846e-01 +1.1785e+00
201 +1.044706061e+00 +1.044706061e+00 -1.305252939e+02 -1.305252939e+02 +1.4959e+00 +9.4376e-01
2972 +2.836294746e-01 +2.836294746e-01 -1.312863705e+02 -1.312863705e+02 +1.2535e+00 +1.4384e+00
21312 +7.664268896e-02 +7.664268896e-02 -1.314933573e+02 -1.314933573e+02 +1.2535e+00 +1.2438e+00
47812 +2.988671932e-02 +2.988671932e-02 -1.315401133e+02 -1.315401133e+02 +1.2535e+00 +1.2449e+00
% function evaluation | noise-free fitness - Fopt (-1.505600000000e+02) | best noise-free fitness - Fopt | measured fitness | best measured fitness | x1 | x2...
1 +3.166913342e+01 +3.166913342e+01 -1.188908666e+02 -1.188908666e+02 -2.0707e-02 +1.4472e+00
2 +2.313310050e+01 +2.313310050e+01 -1.274268995e+02 -1.274268995e+02 +1.2785e+00 -6.6241e-01
3 +1.530253374e+01 +1.530253374e+01 -1.352574663e+02 -1.352574663e+02 +2.0831e+00 +7.3491e-01
14 +7.210601390e+00 +7.210601390e+00 -1.433493986e+02 -1.433493986e+02 +3.0045e+00 -2.9532e-01
87 +4.269496330e+00 +4.269496330e+00 -1.462905037e+02 -1.462905037e+02 +1.5923e+00 -2.0097e+00
91 +2.863375503e+00 +2.863375503e+00 -1.476966245e+02 -1.476966245e+02 +1.7774e+00 -2.7629e+00
1409 +2.435404979e+00 +2.435404979e+00 -1.481245950e+02 -1.481245950e+02 +2.4645e+00 -2.7826e+00
% function evaluation | noise-free fitness - Fopt (-6.851600000000e+02) | best noise-free fitness - Fopt | measured fitness | best measured fitness | x1 | x2...
1 +1.540049043e+01 +1.540049043e+01 -6.697595096e+02 -6.697595096e+02 -5.2412e-01 -1.5113e+00
17 +6.729273686e+00 +6.729273686e+00 -6.784307263e+02 -6.784307263e+02 -1.3481e+00 -7.4070e-01
19 +4.419983950e+00 +4.419983950e+00 -6.807400161e+02 -6.807400161e+02 -1.1453e+00 -8.8633e-01
22 +1.351653469e+00 +1.351653469e+00 -6.838083465e+02 -6.838083465e+02 -1.1178e+00 -1.0872e+00
2266 +7.941458750e-01 +7.941458750e-01 -6.843658541e+02 -6.843658541e+02 -1.2411e+00 -1.2665e+00
4731 +4.038134213e-01 +4.038134213e-01 -6.847561866e+02 -6.847561866e+02 -1.3888e+00 -1.3932e+00
6267 +3.292539121e-01 +3.292539121e-01 -6.848307461e+02 -6.848307461e+02 -1.1102e+00 -1.1095e+00
23169 +1.782394583e-01 +1.782394583e-01 -6.849817605e+02 -6.849817605e+02 -1.3952e+00 -1.3779e+00
74391 +8.162020155e-02 +8.162020155e-02 -6.850783798e+02 -6.850783798e+02 -1.1448e+00 -1.3313e+00
% function evaluation | noise-free fitness - Fopt (-8.468100000000e+02) | best noise-free fitness - Fopt | measured fitness | best measured fitness | x1 | x2...
1 +1.702714913e+01 +1.702714913e+01 -8.297828509e+02 -8.297828509e+02 +1.3988e+00 +2.8863e-01
6 +5.598410417e+00 +5.598410417e+00 -8.412115896e+02 -8.412115896e+02 +1.5323e+00 +1.9308e+00
98 +2.732203354e+00 +2.732203354e+00 -8.440777966e+02 -8.440777966e+02 +2.6605e+00 +2.0617e+00
251 +2.147861482e+00 +2.147861482e+00 -8.446621385e+02 -8.446621385e+02 +3.0291e+00 +2.8309e+00
% function evaluation | noise-free fitness - Fopt (1.363000000000e+01) | best noise-free fitness - Fopt | measured fitness | best measured fitness | x1 | x2...
1 +5.030086270e+01 +5.030086270e+01 +6.393086270e+01 +6.393086270e+01 -1.6255e+00 +2.3050e+00
5 +2.742596865e+01 +2.742596865e+01 +4.105596865e+01 +4.105596865e+01 -1.0283e+00 +1.4338e+00
11 +1.920145815e+01 +1.920145815e+01 +3.283145815e+01 +3.283145815e+01 -9.3129e-01 +2.6370e+00
32 +7.017581919e+00 +7.017581919e+00 +2.064758192e+01 +2.064758192e+01 -1.0868e+00 -1.7745e+00
320 +6.203088232e+00 +6.203088232e+00 +1.983308823e+01 +1.983308823e+01 -6.7124e-01 -2.5806e-01
814 +2.968385978e+00 +2.968385978e+00 +1.659838598e+01 +1.659838598e+01 +3.0678e+00 +3.0418e+00
2468 +2.359725734e+00 +2.359725734e+00 +1.598972573e+01 +1.598972573e+01 +3.0174e+00 +2.3378e+00
% function evaluation | noise-free fitness - Fopt (-3.718000000000e+01) | best noise-free fitness - Fopt | measured fitness | best measured fitness | x1 | x2...
1 +2.171480568e+01 +2.171480568e+01 -1.546519432e+01 -1.546519432e+01 +4.2763e-01 +2.1413e-02
8 +1.349254814e+01 +1.349254814e+01 -2.368745186e+01 -2.368745186e+01 -2.4112e+00 -1.9398e-01
37 +6.166366486e+00 +6.166366486e+00 -3.101363351e+01 -3.101363351e+01 -1.8432e+00 -4.1307e+00
161 +2.550369355e+00 +2.550369355e+00 -3.462963065e+01 -3.462963065e+01 -3.4453e+00 -3.0187e+00
276 +2.352269010e+00 +2.352269010e+00 -3.482773099e+01 -3.482773099e+01 -3.0324e+00 -3.6416e+00
% function evaluation | noise-free fitness - Fopt (2.275200000000e+02) | best noise-free fitness - Fopt | measured fitness | best measured fitness | x1 | x2...
1 +3.766146601e+01 +3.766146601e+01 +2.651814660e+02 +2.651814660e+02 -8.8247e-01 +3.1939e-01
3 +1.437048930e+01 +1.437048930e+01 +2.418904893e+02 +2.418904893e+02 -1.5685e+00 +2.3865e-01
16 +8.192756381e+00 +8.192756381e+00 +2.357127564e+02 +2.357127564e+02 -1.9079e+00 +9.6542e-01
53 +5.827208937e+00 +5.827208937e+00 +2.333472089e+02 +2.333472089e+02 -3.1632e+00 +7.3872e-01
323 +2.546656251e+00 +2.546656251e+00 +2.300666563e+02 +2.300666563e+02 -2.6148e+00 +2.1107e+00
3261 +2.130060235e+00 +2.130060235e+00 +2.296500602e+02 +2.296500602e+02 -2.6462e+00 +2.7760e+00
% function evaluation | noise-free fitness - Fopt (6.370000000000e+00) | best noise-free fitness - Fopt | measured fitness | best measured fitness | x1 | x2...
1 +2.751947225e+01 +2.751947225e+01 +3.388947225e+01 +3.388947225e+01 +1.3284e+00 -9.5451e-02
3 +1.748774490e+01 +1.748774490e+01 +2.385774490e+01 +2.385774490e+01 -2.5808e+00 -1.3064e+00
31 +4.740789288e+00 +4.740789288e+00 +1.111078929e+01 +1.111078929e+01 -1.1030e+00 -3.0191e+00
327 +3.327793593e+00 +3.327793593e+00 +9.697793593e+00 +9.697793593e+00 -4.0788e+00 -2.8650e+00
2913 +2.499178388e+00 +2.499178388e+00 +8.869178388e+00 +8.869178388e+00 -2.4266e+00 -3.5253e+00
% function evaluation | noise-free fitness - Fopt (-1.082600000000e+02) | best noise-free fitness - Fopt | measured fitness | best measured fitness | x1 | x2...
1 +1.473085119e+01 +1.473085119e+01 -9.352914881e+01 -9.352914881e+01 -3.1660e-01 +9.0351e-01
57 +8.574778064e+00 +8.574778064e+00 -9.968522194e+01 -9.968522194e+01 +1.1609e+00 +2.1723e-01
121 +5.030999478e+00 +5.030999478e+00 -1.032290005e+02 -1.032290005e+02 +2.2309e+00 +9.0351e-01
402 +1.729128509e+00 +1.729128509e+00 -1.065308715e+02 -1.065308715e+02 +1.1808e+00 +1.4547e+00
574 +1.563666818e+00 +1.563666818e+00 -1.066963332e+02 -1.066963332e+02 +8.6424e-01 +1.3145e+00
1123 +6.138025340e-01 +6.138025340e-01 -1.076461975e+02 -1.076461975e+02 +9.4008e-01 +1.1131e+00
7063 +2.373119746e-01 +2.373119746e-01 -1.080226880e+02 -1.080226880e+02 +1.3565e+00 +1.2933e+00
24667 +7.660607174e-02 +7.660607174e-02 -1.081833939e+02 -1.081833939e+02 +1.2526e+00 +1.2444e+00
170147 +5.359149984e-02 +5.359149984e-02 -1.082064085e+02 -1.082064085e+02 +1.2526e+00 +1.2472e+00
183961 +1.928048701e-02 +1.928048701e-02 -1.082407195e+02 -1.082407195e+02 +1.2493e+00 +1.2502e+00
% function evaluation | noise-free fitness - Fopt (-1.000000000000e+03) | best noise-free fitness - Fopt | measured fitness | best measured fitness | x1 | x2...
1 +3.396683746e+01 +3.396683746e+01 -9.660331625e+02 -9.660331625e+02 -3.4630e+00 -2.7325e+00
2 +1.268544288e+01 +1.268544288e+01 -9.873145571e+02 -9.873145571e+02 -1.9833e+00 -2.8307e-01
18 +5.700028938e+00 +5.700028938e+00 -9.942999711e+02 -9.942999711e+02 -2.4217e+00 +1.3960e+00
231 +3.733716270e+00 +3.733716270e+00 -9.962662837e+02 -9.962662837e+02 -3.1239e+00 +2.2267e+00
410 +2.506782586e+00 +2.506782586e+00 -9.974932174e+02 -9.974932174e+02 -3.1144e+00 +3.1559e+00
% function evaluation | noise-free fitness - Fopt (-8.434000000000e+01) | best noise-free fitness - Fopt | measured fitness | best measured fitness | x1 | x2...
1 +3.188360947e+01 +3.188360947e+01 -5.245639053e+01 -5.245639053e+01 -1.6682e+00 -4.1832e-01
3 +1.345092720e+01 +1.345092720e+01 -7.088907280e+01 -7.088907280e+01 +8.4771e-01 +7.8055e-01
61 +5.912213253e+00 +5.912213253e+00 -7.842778675e+01 -7.842778675e+01 +1.6509e+00 -9.9647e-01
413 +2.999055941e+00 +2.999055941e+00 -8.134094406e+01 -8.134094406e+01 +4.1161e+00 -2.5330e+00
1938 +2.474456317e+00 +2.474456317e+00 -8.186554368e+01 -8.186554368e+01 +3.1077e+00 -2.5167e+00
% function evaluation | noise-free fitness - Fopt (7.213000000000e+01) | best noise-free fitness - Fopt | measured fitness | best measured fitness | x1 | x2...
1 +5.436786953e+01 +5.436786953e+01 +1.264978695e+02 +1.264978695e+02 -3.8777e-01 +2.2353e+00
2 +3.115983478e+01 +3.115983478e+01 +1.032898348e+02 +1.032898348e+02 -1.2837e+00 +2.0154e-01
6 +2.505505266e+01 +2.505505266e+01 +9.718505266e+01 +9.718505266e+01 +2.7149e+00 -5.0196e-01
13 +8.624289952e+00 +8.624289952e+00 +8.075428995e+01 +8.075428995e+01 -1.0168e+00 -3.8656e+00
122 +6.259014307e+00 +6.259014307e+00 +7.838901431e+01 +7.838901431e+01 -1.7955e+00 -1.2380e+00
332 +2.918907672e+00 +2.918907672e+00 +7.504890767e+01 +7.504890767e+01 -2.8526e+00 -3.8560e+00
719 +2.412648772e+00 +2.412648772e+00 +7.454264877e+01 +7.454264877e+01 -3.0330e+00 -2.7145e+00
% function evaluation | noise-free fitness - Fopt (-1.338000000000e+02) | best noise-free fitness - Fopt | measured fitness | best measured fitness | x1 | x2...
1 +3.119586314e+01 +3.119586314e+01 -1.026041369e+02 -1.026041369e+02 +2.3181e-01 -1.6066e+00
3 +1.022846036e+01 +1.022846036e+01 -1.235715396e+02 -1.235715396e+02 +5.5918e-01 -1.7187e+00
19 +7.755682372e+00 +7.755682372e+00 -1.260443176e+02 -1.260443176e+02 +9.3242e-01 -2.1819e+00
23 +6.069740610e+00 +6.069740610e+00 -1.277302594e+02 -1.277302594e+02 +8.7296e-01 -3.9442e+00
244 +3.074246912e+00 +3.074246912e+00 -1.307257531e+02 -1.307257531e+02 +2.6128e+00 -1.7196e+00
679 +2.480399191e+00 +2.480399191e+00 -1.313196008e+02 -1.313196008e+02 +2.9255e+00 -3.0581e+00
% function evaluation | noise-free fitness - Fopt (1.955000000000e+01) | best noise-free fitness - Fopt | measured fitness | best measured fitness | x1 | x2...
1 +2.510898050e+01 +2.510898050e+01 +4.465898050e+01 +4.465898050e+01 +2.4340e+00 +1.7630e+00
2 +1.270185379e+01 +1.270185379e+01 +3.225185379e+01 +3.225185379e+01 +2.6831e+00 +8.2243e-01
14 +4.214162156e+00 +4.214162156e+00 +2.376416216e+01 +2.376416216e+01 +2.2530e+00 -1.4714e+00
75 +2.021937570e+00 +2.021937570e+00 +2.157193757e+01 +2.157193757e+01 -6.1598e-01 +1.1524e+00
4409 +1.528692707e+00 +1.528692707e+00 +2.107869271e+01 +2.107869271e+01 -1.1882e+00 +1.0368e+00
6262 +8.515127561e-01 +8.515127561e-01 +2.040151276e+01 +2.040151276e+01 -1.5944e+00 +1.4101e+00
13385 +4.148640313e-01 +4.148640313e-01 +1.996486403e+01 +1.996486403e+01 -1.2156e+00 +1.0216e+00
13505 +3.244219623e-01 +3.244219623e-01 +1.987442196e+01 +1.987442196e+01 -1.2128e+00 +1.0216e+00
23755 +1.786986673e-01 +1.786986673e-01 +1.972869867e+01 +1.972869867e+01 -1.2753e+00 +1.4026e+00
43613 +6.743732784e-02 +6.743732784e-02 +1.961743733e+01 +1.961743733e+01 -1.2423e+00 +1.1701e+00
92684 +4.961343236e-02 +4.961343236e-02 +1.959961343e+01 +1.959961343e+01 -1.2519e+00 +1.2497e+00
% function evaluation | noise-free fitness - Fopt (-1.307000000000e+01) | best noise-free fitness - Fopt | measured fitness | best measured fitness | x1 | x2...
1 +3.940666250e+01 +3.940666250e+01 +2.633666250e+01 +2.633666250e+01 -2.1555e-01 -2.3229e+00
2 +9.100950422e+00 +9.100950422e+00 -3.969049578e+00 -3.969049578e+00 -1.7314e+00 -2.3071e-01
6 +5.542651550e+00 +5.542651550e+00 -7.527348450e+00 -7.527348450e+00 +5.1446e-01 -1.5696e+00
467 +4.031159544e-01 +4.031159544e-01 -1.266688405e+01 -1.266688405e+01 +1.2295e+00 -1.5370e+00
% function evaluation | noise-free fitness - Fopt (7.965000000000e+01) | best noise-free fitness - Fopt | measured fitness | best measured fitness | x1 | x2...
1 +3.770811528e+01 +3.770811528e+01 +1.173581153e+02 +1.173581153e+02 +1.1380e+00 +1.6760e+00
4 +2.329065720e+01 +2.329065720e+01 +1.029406572e+02 +1.029406572e+02 +5.1835e-01 +7.2853e-01
9 +7.955500955e+00 +7.955500955e+00 +8.760550096e+01 +8.760550096e+01 +1.3864e+00 +2.3937e+00
50 +4.550459897e+00 +4.550459897e+00 +8.420045990e+01 +8.420045990e+01 +1.6587e+00 +9.5959e-01
140 +1.212403695e+00 +1.212403695e+00 +8.086240369e+01 +8.086240369e+01 +8.0880e-01 +1.5759e+00
826 +9.833174891e-01 +9.833174891e-01 +8.063331749e+01 +8.063331749e+01 +1.0005e+00 +9.8783e-01
1831 +5.421716955e-01 +5.421716955e-01 +8.019217170e+01 +8.019217170e+01 +1.0830e+00 +1.2710e+00
6302 +2.283845523e-01 +2.283845523e-01 +7.987838455e+01 +7.987838455e+01 +1.3383e+00 +1.2416e+00
13941 +1.239264946e-01 +1.239264946e-01 +7.977392649e+01 +7.977392649e+01 +1.0774e+00 +1.2656e+00
48846 +3.424112512e-02 +3.424112512e-02 +7.968424113e+01 +7.968424113e+01 +1.2451e+00 +1.2476e+00
% function evaluation | noise-free fitness - Fopt (1.160000000000e+00) | best noise-free fitness - Fopt | measured fitness | best measured fitness | x1 | x2...
1 +3.838147539e+01 +3.838147539e+01 +3.954147539e+01 +3.954147539e+01 +1.4905e+00 +4.9960e-01
6 +6.828092388e+00 +6.828092388e+00 +7.988092388e+00 +7.988092388e+00 +8.5562e-01 -2.5315e-02
77 +4.195088112e+00 +4.195088112e+00 +5.355088112e+00 +5.355088112e+00 -3.3443e+00 +1.1144e+00
443 +2.831367879e+00 +2.831367879e+00 +3.991367879e+00 +3.991367879e+00 -2.2864e+00 +2.3142e+00
588 +2.020431748e+00 +2.020431748e+00 +3.180431748e+00 +3.180431748e+00 -3.0332e+00 +2.8132e+00
% function evaluation | noise-free fitness - Fopt (2.407100000000e+02) | best noise-free fitness - Fopt | measured fitness | best measured fitness | x1 | x2...
1 +1.867187437e+01 +1.867187437e+01 +2.593818744e+02 +2.593818744e+02 +8.6141e-01 -3.0908e+00
2 +1.120550264e+01 +1.120550264e+01 +2.519155026e+02 +2.519155026e+02 -6.4949e-01 +1.7418e-01
3 +9.545188698e+00 +9.545188698e+00 +2.502551887e+02 +2.502551887e+02 +3.4085e-01 -4.0908e-01
274 +2.478068507e+00 +2.478068507e+00 +2.431880685e+02 +2.431880685e+02 +8.5724e-01 -1.3551e+00
994 +1.061705760e+00 +1.061705760e+00 +2.417717058e+02 +2.417717058e+02 +1.5144e+00 -1.1856e+00
127384 +9.047937878e-01 +9.047937878e-01 +2.416147938e+02 +2.416147938e+02 +1.0918e+00 -1.6253e+00
% function evaluation | noise-free fitness - Fopt (-2.707900000000e+02) | best noise-free fitness - Fopt | measured fitness | best measured fitness | x1 | x2...
1 +1.772663229e+01 +1.772663229e+01 -2.530633677e+02 -2.530633677e+02 -3.9245e-01 -8.9677e-01
6 +8.161338113e+00 +8.161338113e+00 -2.626286619e+02 -2.626286619e+02 +1.7988e+00 -1.2212e+00
96 +6.074150067e+00 +6.074150067e+00 -2.647158499e+02 -2.647158499e+02 +1.3993e+00 -1.6380e+00
379 +3.920427040e+00 +3.920427040e+00 -2.668695730e+02 -2.668695730e+02 +2.4712e+00 -1.5103e+00
925 +2.409467888e+00 +2.409467888e+00 -2.683805321e+02 -2.683805321e+02 +3.6260e+00 -2.6458e+00
% function evaluation | noise-free fitness - Fopt (2.612000000000e+01) | best noise-free fitness - Fopt | measured fitness | best measured fitness | x1 | x2...
1 +2.661095171e+01 +2.661095171e+01 +5.273095171e+01 +5.273095171e+01 -9.4709e-01 +2.9872e+00
2 +2.431662495e+01 +2.431662495e+01 +5.043662495e+01 +5.043662495e+01 +1.1489e+00 +1.1099e-01
12 +1.316069013e+01 +1.316069013e+01 +3.928069013e+01 +3.928069013e+01 +8.0535e-01 +1.5391e+00
13 +8.937524200e+00 +8.937524200e+00 +3.505752420e+01 +3.505752420e+01 -1.5557e+00 +2.4814e-01
76 +4.974517324e+00 +4.974517324e+00 +3.109451732e+01 +3.109451732e+01 -1.6496e+00 +2.1073e+00
262 +2.709000991e+00 +2.709000991e+00 +2.882900099e+01 +2.882900099e+01 -2.6041e+00 +3.6974e+00
377 +2.490338816e+00 +2.490338816e+00 +2.861033882e+01 +2.861033882e+01 -2.2409e+00 +2.7521e+00
% function evaluation | noise-free fitness - Fopt (-6.252000000000e+01) | best noise-free fitness - Fopt | measured fitness | best measured fitness | x1 | x2...
1 +4.789433332e+00 +4.789433332e+00 -5.773056667e+01 -5.773056667e+01 -2.2303e+00 +1.2998e+00
123 +3.299092056e+00 +3.299092056e+00 -5.922090794e+01 -5.922090794e+01 -1.2978e+00 +1.4072e+00
488 +2.267168809e+00 +2.267168809e+00 -6.025283119e+01 -6.025283119e+01 -1.1436e+00 +8.2522e-01
1841 +1.493108692e+00 +1.493108692e+00 -6.102689131e+01 -6.102689131e+01 -1.1454e+00 +9.7674e-01
1967 +9.466927452e-01 +9.466927452e-01 -6.157330725e+01 -6.157330725e+01 -8.9691e-01 +1.4958e+00
6005 +4.505113460e-01 +4.505113460e-01 -6.206948865e+01 -6.206948865e+01 -1.3906e+00 +1.5207e+00
22734 +1.650548767e-01 +1.650548767e-01 -6.235494512e+01 -6.235494512e+01 -1.4133e+00 +1.2048e+00
84243 +1.238061835e-01 +1.238061835e-01 -6.239619382e+01 -6.239619382e+01 -1.4100e+00 +1.2052e+00
84688 +4.479057340e-02 +4.479057340e-02 -6.247520943e+01 -6.247520943e+01 -1.2513e+00 +1.2508e+00
135260 +1.583622488e-02 +1.583622488e-02 -6.250416378e+01 -6.250416378e+01 -1.2465e+00 +1.2497e+00
% function evaluation | noise-free fitness - Fopt (-2.438600000000e+02) | best noise-free fitness - Fopt | measured fitness | best measured fitness | x1 | x2...
1 +3.027604540e+01 +3.027604540e+01 -2.135839546e+02 -2.135839546e+02 -8.6865e-01 +1.8268e-01
6 +1.379395769e+01 +1.379395769e+01 -2.300660423e+02 -2.300660423e+02 +1.1576e+00 +4.5962e-01
18 +6.784514194e+00 +6.784514194e+00 -2.370754858e+02 -2.370754858e+02 +1.1759e+00 +1.1345e+00
132 +4.672381501e+00 +4.672381501e+00 -2.391876185e+02 -2.391876185e+02 +5.2784e-01 +1.1857e+00
234 +3.847241145e+00 +3.847241145e+00 -2.400127589e+02 -2.400127589e+02 -3.8856e+00 -2.0570e+00
3137 +2.425150493e+00 +2.425150493e+00 -2.414348495e+02 -2.414348495e+02 -3.1993e+00 -3.3480e+00
101420 +1.410772135e+00 +1.410772135e+00 -2.424492279e+02 -2.424492279e+02 +1.7162e+00 +1.4418e+00
% function evaluation | noise-free fitness - Fopt (-9.475000000000e+02) | best noise-free fitness - Fopt | measured fitness | best measured fitness | x1 | x2...
1 +3.425440899e+01 +3.425440899e+01 -9.132455910e+02 -9.132455910e+02 -2.2713e-01 -7.4287e-01
4 +2.495831982e+01 +2.495831982e+01 -9.225416802e+02 -9.225416802e+02 +3.2050e+00 +5.6914e-01
38 +1.271555665e+01 +1.271555665e+01 -9.347844433e+02 -9.347844433e+02 -4.4813e+00 +2.9123e-01
146 +9.411503386e+00 +9.411503386e+00 -9.380884966e+02 -9.380884966e+02 -2.9330e+00 -9.5326e-01
257 +5.267332144e+00 +5.267332144e+00 -9.422326679e+02 -9.422326679e+02 -3.3743e+00 -1.4588e+00
412 +3.157976782e+00 +3.157976782e+00 -9.443420232e+02 -9.443420232e+02 +7.4655e-01 +1.2855e+00
3092 +2.411490805e+00 +2.411490805e+00 -9.450885092e+02 -9.450885092e+02 -3.6468e+00 -3.1414e+00
% function evaluation | noise-free fitness - Fopt (1.198100000000e+02) | best noise-free fitness - Fopt | measured fitness | best measured fitness | x1 | x2...
1 +2.744154292e+01 +2.744154292e+01 +1.472515429e+02 +1.472515429e+02 -6.9013e-01 -1.1263e+00
2 +2.253963282e+01 +2.253963282e+01 +1.423496328e+02 +1.423496328e+02 +1.6454e+00 +1.1619e+00
4 +1.541610315e+01 +1.541610315e+01 +1.352261031e+02 +1.352261031e+02 -2.0830e+00 +5.2859e-01
97 +8.344306566e+00 +8.344306566e+00 +1.281543066e+02 +1.281543066e+02 +1.9586e+00 +1.2070e+00
138 +5.850059489e+00 +5.850059489e+00 +1.256600595e+02 +1.256600595e+02 -2.1805e+00 -8.3122e-01
595 +2.994420609e+00 +2.994420609e+00 +1.228044206e+02 +1.228044206e+02 -3.7065e+00 -2.3343e+00
1750 +2.250577611e+00 +2.250577611e+00 +1.220605776e+02 +1.220605776e+02 -3.1788e+00 -2.8894e+00
% function evaluation | noise-free fitness - Fopt (-1.224900000000e+02) | best noise-free fitness - Fopt | measured fitness | best measured fitness | x1 | x2...
1 +8.442430817e+00 +8.442430817e+00 -1.140475692e+02 -1.140475692e+02 +1.0795e+00 +4.0956e-02
53 +3.209584902e+00 +3.209584902e+00 -1.192804151e+02 -1.192804151e+02 +1.6609e+00 +9.5942e-01
525 +1.279997795e+00 +1.279997795e+00 -1.212100022e+02 -1.212100022e+02 +1.4544e+00 +8.7854e-01
2292 +8.678055438e-01 +8.678055438e-01 -1.216221945e+02 -1.216221945e+02 +1.4118e+00 +1.4676e+00
4379 +6.268132740e-01 +6.268132740e-01 -1.218631867e+02 -1.218631867e+02 +9.8827e-01 +1.2136e+00
17741 +2.925535935e-01 +2.925535935e-01 -1.221974464e+02 -1.221974464e+02 +1.4583e+00 +1.3669e+00
17937 +2.137835191e-01 +2.137835191e-01 -1.222762165e+02 -1.222762165e+02 +1.2995e+00 +1.1526e+00
18260 +5.615666712e-02 +5.615666712e-02 -1.224338433e+02 -1.224338433e+02 +1.3033e+00 +1.1637e+00
% function evaluation | noise-free fitness - Fopt (1.829000000000e+01) | best noise-free fitness - Fopt | measured fitness | best measured fitness | x1 | x2...
1 +3.786301828e+01 +3.786301828e+01 +5.615301828e+01 +5.615301828e+01 +3.1483e+00 -4.4812e-01
5 +2.488440780e+01 +2.488440780e+01 +4.317440780e+01 +4.317440780e+01 -7.3994e-02 +5.6449e-01
7 +1.182870254e+01 +1.182870254e+01 +3.011870254e+01 +3.011870254e+01 +1.0987e+00 -2.5350e+00
58 +5.950324510e+00 +5.950324510e+00 +2.424032451e+01 +2.424032451e+01 +2.3251e-01 -1.4864e+00
247 +3.203590223e+00 +3.203590223e+00 +2.149359022e+01 +2.149359022e+01 +1.2074e+00 -1.9629e+00
942 +1.022926052e+00 +1.022926052e+00 +1.931292605e+01 +1.931292605e+01 +1.3422e+00 -9.7183e-01
1161 +9.202195051e-01 +9.202195051e-01 +1.921021951e+01 +1.921021951e+01 +8.7715e-01 -1.2795e+00
2322 +5.176165880e-01 +5.176165880e-01 +1.880761659e+01 +1.880761659e+01 +1.1321e+00 -1.3997e+00
8688 +2.910482529e-01 +2.910482529e-01 +1.858104825e+01 +1.858104825e+01 +1.3029e+00 -1.3815e+00
84228 +1.691552012e-01 +1.691552012e-01 +1.845915520e+01 +1.845915520e+01 +1.3005e+00 -1.3815e+00
115808 +1.417838019e-01 +1.417838019e-01 +1.843178380e+01 +1.843178380e+01 +1.2992e+00 -1.3815e+00
124371 +7.473682694e-03 +7.473682694e-03 +1.829747368e+01 +1.829747368e+01 +1.2528e+00 -1.2510e+00
% function evaluation | noise-free fitness - Fopt (-1.635000000000e+01) | best noise-free fitness - Fopt | measured fitness | best measured fitness | x1 | x2...
1 +2.660205381e+01 +2.660205381e+01 +1.025205381e+01 +1.025205381e+01 -7.5174e-01 -2.3606e+00
2 +1.522471750e+01 +1.522471750e+01 -1.125282504e+00 -1.125282504e+00 -8.3998e-01 -6.0711e-01
52 +9.728070126e+00 +9.728070126e+00 -6.621929874e+00 -6.621929874e+00 +6.3130e-01 +2.1911e-01
70 +5.752349578e+00 +5.752349578e+00 -1.059765042e+01 -1.059765042e+01 -3.7078e-01 -1.6470e+00
248 +3.895652851e+00 +3.895652851e+00 -1.245434715e+01 -1.245434715e+01 +1.8636e+00 +2.2724e+00
787 +2.326465984e+00 +2.326465984e+00 -1.402353402e+01 -1.402353402e+01 +2.7819e+00 +3.1132e+00
% function evaluation | noise-free fitness - Fopt (6.840000000000e+00) | best noise-free fitness - Fopt | measured fitness | best measured fitness | x1 | x2...
1 +1.372829935e+01 +1.372829935e+01 +2.056829935e+01 +2.056829935e+01 -1.9909e+00 +1.2524e+00
61 +4.407064871e+00 +4.407064871e+00 +1.124706487e+01 +1.124706487e+01 +9.4180e-01 +1.2524e+00
143 +2.006371275e+00 +2.006371275e+00 +8.846371275e+00 +8.846371275e+00 +1.0851e+00 +1.1490e+00
512 +1.390839406e+00 +1.390839406e+00 +8.230839406e+00 +8.230839406e+00 +1.5730e+00 +1.2715e+00
1682 +8.954902526e-01 +8.954902526e-01 +7.735490253e+00 +7.735490253e+00 +1.4167e+00 +1.3735e+00
2071 +5.418546688e-01 +5.418546688e-01 +7.381854669e+00 +7.381854669e+00 +1.2581e+00 +1.0817e+00
18719 +3.381852069e-01 +3.381852069e-01 +7.178185207e+00 +7.178185207e+00 +1.0555e+00 +1.4374e+00
38185 +2.079785411e-01 +2.079785411e-01 +7.047978541e+00 +7.047978541e+00 +1.0878e+00 +1.1421e+00
145494 +9.395614336e-02 +9.395614336e-02 +6.933956143e+00 +6.933956143e+00 +1.2663e+00 +1.1027e+00
% function evaluation | noise-free fitness - Fopt (-2.068000000000e+01) | best noise-free fitness - Fopt | measured fitness | best measured fitness | x1 | x2...
1 +3.544082975e+01 +3.544082975e+01 +1.476082975e+01 +1.476082975e+01 -7.0686e-01 +1.8770e+00
2 +1.191433063e+01 +1.191433063e+01 -8.765669366e+00 -8.765669366e+00 -3.1604e+00 -6.4991e-01
8 +3.963039335e+00 +3.963039335e+00 -1.671696066e+01 -1.671696066e+01 -3.6992e+00 +1.7945e+00
2336 +2.507622831e+00 +2.507622831e+00 -1.817237717e+01 -1.817237717e+01 -2.5125e+00 +2.5019e+00
% function evaluation | noise-free fitness - Fopt (3.138500000000e+02) | best noise-free fitness - Fopt | measured fitness | best measured fitness | x1 | x2...
1 +2.039845969e+01 +2.039845969e+01 +3.342484597e+02 +3.342484597e+02 +2.0443e+00 +1.7281e+00
6 +9.691847695e+00 +9.691847695e+00 +3.235418477e+02 +3.235418477e+02 +7.3415e-01 -1.1716e+00
66 +3.881202677e+00 +3.881202677e+00 +3.177312027e+02 +3.177312027e+02 -2.2497e+00 +3.3575e+00
690 +2.374005974e+00 +2.374005974e+00 +3.162240060e+02 +3.162240060e+02 -3.0327e+00 +3.5273e+00
% function evaluation | noise-free fitness - Fopt (-1.640200000000e+02) | best noise-free fitness - Fopt | measured fitness | best measured fitness | x1 | x2...
1 +3.517449490e+01 +3.517449490e+01 -1.288455051e+02 -1.288455051e+02 -4.6790e+00 +2.4489e-01
3 +2.000038782e+01 +2.000038782e+01 -1.440196122e+02 -1.440196122e+02 -6.7466e-01 -1.3915e+00
7 +1.511234014e+01 +1.511234014e+01 -1.489076599e+02 -1.489076599e+02 +4.1400e-02 -4.5480e-01
31 +8.171647736e+00 +8.171647736e+00 -1.558483523e+02 -1.558483523e+02 -4.8595e+00 +3.1614e+00
145 +4.014336656e+00 +4.014336656e+00 -1.600056633e+02 -1.600056633e+02 -3.4147e+00 +1.3396e+00
381 +3.480472621e+00 +3.480472621e+00 -1.605395274e+02 -1.605395274e+02 -2.5994e+00 +2.0363e+00
2388 +2.236982599e+00 +2.236982599e+00 -1.617830174e+02 -1.617830174e+02 -2.8879e+00 +3.3066e+00
% function evaluation | noise-free fitness - Fopt (-1.000000000000e+03) | best noise-free fitness - Fopt | measured fitness | best measured fitness | x1 | x2...
1 +2.639453140e+01 +2.639453140e+01 -9.736054686e+02 -9.736054686e+02 -4.0427e-01 -1.4706e+00
2 +1.458108599e+01 +1.458108599e+01 -9.854189140e+02 -9.854189140e+02 -1.7333e+00 +8.6732e-01
9 +8.616338080e+00 +8.616338080e+00 -9.913836619e+02 -9.913836619e+02 -6.3560e-01 +5.3690e-01
56 +1.600508271e+00 +1.600508271e+00 -9.983994917e+02 -9.983994917e+02 -1.4419e+00 +1.5271e+00
% function evaluation | noise-free fitness - Fopt (-1.001300000000e+02) | best noise-free fitness - Fopt | measured fitness | best measured fitness | x1 | x2...
1 +2.463072838e+01 +2.463072838e+01 -7.549927162e+01 -7.549927162e+01 -1.7646e+00 -4.6444e-01
14 +1.066482826e+01 +1.066482826e+01 -8.946517174e+01 -8.946517174e+01 -6.5398e-01 -1.8148e+00
17 +5.045810065e+00 +5.045810065e+00 -9.508418994e+01 -9.508418994e+01 -2.0902e+00 +8.2338e-01
545 +4.068541220e-01 +4.068541220e-01 -9.972314588e+01 -9.972314588e+01 -1.3434e+00 +1.3160e+00
20048 +3.834803539e-01 +3.834803539e-01 -9.974651965e+01 -9.974651965e+01 -1.2690e+00 +9.9408e-01
48261 +2.322776103e-01 +2.322776103e-01 -9.989772239e+01 -9.989772239e+01 -1.0575e+00 +1.3720e+00
65545 +1.490122280e-01 +1.490122280e-01 -9.998098777e+01 -9.998098777e+01 -1.3343e+00 +1.3160e+00
% function evaluation | noise-free fitness - Fopt (-3.085000000000e+01) | best noise-free fitness - Fopt | measured fitness | best measured fitness | x1 | x2...
1 +2.484299450e+01 +2.484299450e+01 -6.007005504e+00 -6.007005504e+00 +3.4559e+00 -2.0038e+00
3 +1.541317515e+01 +1.541317515e+01 -1.543682485e+01 -1.543682485e+01 +3.9580e+00 +3.1639e-01
27 +9.066904890e+00 +9.066904890e+00 -2.178309511e+01 -2.178309511e+01 +8.3700e-01 -1.4114e+00
35 +4.333757047e+00 +4.333757047e+00 -2.651624295e+01 -2.651624295e+01 -1.6985e+00 +9.2232e-01
260 +2.961551831e+00 +2.961551831e+00 -2.788844817e+01 -2.788844817e+01 +2.1216e+00 -2.6553e+00
459 +2.333048647e+00 +2.333048647e+00 -2.851695135e+01 -2.851695135e+01 +3.1494e+00 -3.2918e+00
% function evaluation | noise-free fitness - Fopt (-9.200000000000e+00) | best noise-free fitness - Fopt | measured fitness | best measured fitness | x1 | x2...
1 +1.873471812e+01 +1.873471812e+01 +9.534718121e+00 +9.534718121e+00 +2.4770e+00 -1.5960e+00
36 +8.448747315e+00 +8.448747315e+00 -7.512526845e-01 -7.512526845e-01 -3.1252e+00 +1.9911e+00
256 +4.680063709e+00 +4.680063709e+00 -4.519936291e+00 -4.519936291e+00 -2.1837e+00 +1.2920e+00
749 +3.943598199e+00 +3.943598199e+00 -5.256401801e+00 -5.256401801e+00 -1.7159e+00 +2.0005e+00
2692 +2.341817684e+00 +2.341817684e+00 -6.858182316e+00 -6.858182316e+00 -3.4191e+00 +3.4661e+00
% function evaluation | noise-free fitness - Fopt (-2.037600000000e+02) | best noise-free fitness - Fopt | measured fitness | best measured fitness | x1 | x2...
1 +3.376620463e+01 +3.376620463e+01 -1.699937954e+02 -1.699937954e+02 +2.2910e+00 -3.8215e-01
5 +1.015030103e+01 +1.015030103e+01 -1.936096990e+02 -1.936096990e+02 -1.8522e+00 -7.7372e-01
48 +9.274311951e+00 +9.274311951e+00 -1.944856880e+02 -1.944856880e+02 +8.5304e-01 +4.0158e-01
149 +4.854036892e+00 +4.854036892e+00 -1.989059631e+02 -1.989059631e+02 -1.7459e+00 -6.7136e-01
187 +1.174882758e+00 +1.174882758e+00 -2.025851172e+02 -2.025851172e+02 -1.1013e+00 -1.2560e+00
% function evaluation | noise-free fitness - Fopt (3.399000000000e+01) | best noise-free fitness - Fopt | measured fitness | best measured fitness | x1 | x2...
1 +3.604964239e+01 +3.604964239e+01 +7.003964239e+01 +7.003964239e+01 +7.0628e-02 +3.3862e-01
2 +1.993202413e+01 +1.993202413e+01 +5.392202413e+01 +5.392202413e+01 +8.9929e-01 +1.6699e-01
4 +1.060350772e+01 +1.060350772e+01 +4.459350772e+01 +4.459350772e+01 -3.0511e+00 -1.7207e-01
38 +8.852630504e+00 +8.852630504e+00 +4.284263050e+01 +4.284263050e+01 -2.4253e+00 +4.3981e+00
57 +3.897887343e+00 +3.897887343e+00 +3.788788734e+01 +3.788788734e+01 -3.0585e+00 +4.5702e+00
2369 +2.267351594e+00 +2.267351594e+00 +3.625735159e+01 +3.625735159e+01 -2.5627e+00 +2.5525e+00
% function evaluation | noise-free fitness - Fopt (-1.000000000000e+03) | best noise-free fitness - Fopt | measured fitness | best measured fitness | x1 | x2...
1 +2.234473669e+01 +2.234473669e+01 -9.776552633e+02 -9.776552633e+02 -1.2269e+00 -2.4092e+00
5 +1.466646584e+01 +1.466646584e+01 -9.853335342e+02 -9.853335342e+02 -1.3209e+00 -1.2696e+00
17 +2.512574718e+00 +2.512574718e+00 -9.974874253e+02 -9.974874253e+02 -3.0665e+00 -3.3575e+00
1103 +2.478324321e+00 +2.478324321e+00 -9.975216757e+02 -9.975216757e+02 -2.5353e+00 -2.9099e+00
% function evaluation | noise-free fitness - Fopt (-1.000000000000e+03) | best noise-free fitness - Fopt | measured fitness | best measured fitness | x1 | x2...
1 +1.605485570e+01 +1.605485570e+01 -9.839451443e+02 -9.839451443e+02 +8.2474e-01 -3.3881e+00
5 +5.585682086e+00 +5.585682086e+00 -9.944143179e+02 -9.944143179e+02 -1.7343e+00 -1.2920e+00
92 +3.479641326e+00 +3.479641326e+00 -9.965203587e+02 -9.965203587e+02 -3.8653e+00 -2.1457e+00
2519 +2.302789477e+00 +2.302789477e+00 -9.976972105e+02 -9.976972105e+02 -3.4849e+00 -2.8400e+00
% function evaluation | noise-free fitness - Fopt (-1.272000000000e+01) | best noise-free fitness - Fopt | measured fitness | best measured fitness | x1 | x2...
1 +3.949321270e+01 +3.949321270e+01 +2.677321270e+01 +2.677321270e+01 +5.9257e-02 +1.9861e-01
2 +1.728698026e+01 +1.728698026e+01 +4.566980256e+00 +4.566980256e+00 -2.0673e+00 -3.2409e-01
12 +1.152793730e+01 +1.152793730e+01 -1.192062704e+00 -1.192062704e+00 -8.8942e-01 -1.9153e+00
17 +6.329027369e+00 +6.329027369e+00 -6.390972631e+00 -6.390972631e+00 -2.5815e+00 -5.9584e-01
290 +3.256733882e+00 +3.256733882e+00 -9.463266118e+00 -9.463266118e+00 -3.1722e+00 -1.5320e+00
2176 +2.113633715e+00 +2.113633715e+00 -1.060636629e+01 -1.060636629e+01 -3.0265e+00 -2.8751e+00
% function evaluation | noise-free fitness - Fopt (-5.954000000000e+01) | best noise-free fitness - Fopt | measured fitness | best measured fitness | x1 | x2...
1 +4.119872071e+01 +4.119872071e+01 -1.834127929e+01 -1.834127929e+01 +1.0979e-03 +2.5144e+00
2 +2.614531491e+01 +2.614531491e+01 -3.339468509e+01 -3.339468509e+01 +9.6927e-01 +1.6387e+00
6 +1.055565369e+01 +1.055565369e+01 -4.898434631e+01 -4.898434631e+01 -5.2740e-01 -2.2499e+00
45 +9.748040777e+00 +9.748040777e+00 -4.979195922e+01 -4.979195922e+01 +3.7436e+00 -4.4991e-01
113 +5.519000560e+00 +5.519000560e+00 -5.402099944e+01 -5.402099944e+01 -1.7441e+00 -5.4575e-01
424 +3.929035986e+00 +3.929035986e+00 -5.561096401e+01 -5.561096401e+01 +3.4750e+00 +2.0323e+00
4294 +2.071256018e+00 +2.071256018e+00 -5.746874398e+01 -5.746874398e+01 +2.8673e+00 +3.2168e+00
% function evaluation | noise-free fitness - Fopt (-1.000000000000e+03) | best noise-free fitness - Fopt | measured fitness | best measured fitness | x1 | x2...
1 +4.662245160e+01 +4.662245160e+01 -9.533775484e+02 -9.533775484e+02 -1.5917e+00 -1.0986e+00
2 +2.943079592e+01 +2.943079592e+01 -9.705692041e+02 -9.705692041e+02 -1.2030e+00 -1.2684e+00
5 +2.375966554e+01 +2.375966554e+01 -9.762403345e+02 -9.762403345e+02 +3.9895e+00 -2.3684e+00
9 +1.376781428e+01 +1.376781428e+01 -9.862321857e+02 -9.862321857e+02 -1.4434e+00 +5.1617e-01
23 +6.506549937e+00 +6.506549937e+00 -9.934934501e+02 -9.934934501e+02 +2.5946e+00 -3.7954e+00
53 +3.970360947e+00 +3.970360947e+00 -9.960296391e+02 -9.960296391e+02 +2.0201e+00 -2.0629e+00
1229 +2.435922241e+00 +2.435922241e+00 -9.975640778e+02 -9.975640778e+02 +2.1720e+00 -3.1180e+00
% function evaluation | noise-free fitness - Fopt (4.303000000000e+01) | best noise-free fitness - Fopt | measured fitness | best measured fitness | x1 | x2...
1 +3.953728311e+01 +3.953728311e+01 +8.256728311e+01 +8.256728311e+01 +3.4886e+00 -1.1580e+00
2 +1.815218452e+01 +1.815218452e+01 +6.118218452e+01 +6.118218452e+01 -1.8347e+00 -1.1280e-01
3 +1.357393500e+01 +1.357393500e+01 +5.660393500e+01 +5.660393500e+01 -7.0198e-01 -3.7617e-01
56 +3.728847958e+00 +3.728847958e+00 +4.675884796e+01 +4.675884796e+01 +1.5908e+00 -6.7949e-01
807 +1.767003227e+00 +1.767003227e+00 +4.479700323e+01 +4.479700323e+01 +1.1530e+00 -1.1284e+00
8059 +5.166741280e-01 +5.166741280e-01 +4.354667413e+01 +4.354667413e+01 +1.3728e+00 -1.4634e+00
48265 +1.447938001e-01 +1.447938001e-01 +4.317479380e+01 +4.317479380e+01 +1.3309e+00 -1.3929e+00
% function evaluation | noise-free fitness - Fopt (-6.139000000000e+01) | best noise-free fitness - Fopt | measured fitness | best measured fitness | x1 | x2...
1 +3.497215016e+01 +3.497215016e+01 -2.641784984e+01 -2.641784984e+01 -7.7569e-02 -4.8270e-01
8 +1.595315821e+01 +1.595315821e+01 -4.543684179e+01 -4.543684179e+01 +4.1270e-01 -6.7719e-01
13 +1.029037500e+01 +1.029037500e+01 -5.109962500e+01 -5.109962500e+01 +1.6079e+00 +7.4256e-01
50 +9.619881279e+00 +9.619881279e+00 -5.177011872e+01 -5.177011872e+01 +1.0956e+00 +6.7711e-02
56 +5.999937874e+00 +5.999937874e+00 -5.539006213e+01 -5.539006213e+01 -2.0045e+00 -1.4595e+00
134 +2.095219475e+00 +2.095219475e+00 -5.929478053e+01 -5.929478053e+01 +1.1039e+00 +5.4747e-01
975 +1.268400466e-01 +1.268400466e-01 -6.126315995e+01 -6.126315995e+01 +1.2409e+00 +1.2524e+00
14725 +3.863154111e-02 +3.863154111e-02 -6.135136846e+01 -6.135136846e+01 +1.2474e+00 +1.2516e+00
152611 +1.123758976e-02 +1.123758976e-02 -6.137876241e+01 -6.137876241e+01 +1.2465e+00 +1.2513e+00
% function evaluation | noise-free fitness - Fopt (7.340900000000e+02) | best noise-free fitness - Fopt | measured fitness | best measured fitness | x1 | x2...
1 +2.299747914e+01 +2.299747914e+01 +7.570874791e+02 +7.570874791e+02 -2.5583e+00 +2.6724e+00
4 +1.326259413e+01 +1.326259413e+01 +7.473525941e+02 +7.473525941e+02 -2.3898e-01 +2.2812e+00
11 +7.361279939e+00 +7.361279939e+00 +7.414512799e+02 +7.414512799e+02 +2.7535e-01 +7.1420e-01
23 +5.337854127e+00 +5.337854127e+00 +7.394278541e+02 +7.394278541e+02 -1.2054e+00 -2.3945e+00
98 +3.219276458e+00 +3.219276458e+00 +7.373092765e+02 +7.373092765e+02 +8.9116e-01 +1.5618e+00
2793 +1.619516295e+00 +1.619516295e+00 +7.357095163e+02 +7.357095163e+02 +1.5056e+00 +1.4336e+00
3637 +9.632396881e-01 +9.632396881e-01 +7.350532397e+02 +7.350532397e+02 +1.5309e+00 +1.0289e+00
3980 +5.561224999e-01 +5.561224999e-01 +7.346461225e+02 +7.346461225e+02 +1.1690e+00 +9.4209e-01
6980 +3.973301152e-01 +3.973301152e-01 +7.344873301e+02 +7.344873301e+02 +1.0254e+00 +1.0540e+00
43906 +2.230912465e-01 +2.230912465e-01 +7.343130912e+02 +7.343130912e+02 +1.1290e+00 +1.3531e+00
119196 +8.862580052e-03 +8.862580052e-03 +7.340988626e+02 +7.340988626e+02 +1.2524e+00 +1.2488e+00
% function evaluation | noise-free fitness - Fopt (2.190600000000e+02) | best noise-free fitness - Fopt | measured fitness | best measured fitness | x1 | x2...
1 +6.667384796e+01 +6.667384796e+01 +2.857338480e+02 +2.857338480e+02 -4.4140e+00 -8.4863e-01
3 +2.330220218e+01 +2.330220218e+01 +2.423622022e+02 +2.423622022e+02 +5.6062e-01 +6.3917e-01
6 +1.176094512e+01 +1.176094512e+01 +2.308209451e+02 +2.308209451e+02 +1.5054e+00 +7.2965e-01
17 +4.982569808e+00 +4.982569808e+00 +2.240425698e+02 +2.240425698e+02 -1.5990e+00 +4.4088e-01
120 +3.572014845e+00 +3.572014845e+00 +2.226320148e+02 +2.226320148e+02 +2.1238e+00 -2.0001e+00
2993 +2.325964845e+00 +2.325964845e+00 +2.213859648e+02 +2.213859648e+02 +2.2509e+00 -2.8433e+00
58212 +1.014144152e+00 +1.014144152e+00 +2.200741442e+02 +2.200741442e+02 -8.9567e-01 +1.4245e+00
122848 +6.743419608e-01 +6.743419608e-01 +2.197343420e+02 +2.197343420e+02 -9.4391e-01 +1.2369e+00
% function evaluation | noise-free fitness - Fopt (1.504200000000e+02) | best noise-free fitness - Fopt | measured fitness | best measured fitness | x1 | x2...
1 +2.065416173e+01 +2.065416173e+01 +1.710741617e+02 +1.710741617e+02 -2.7350e+00 -5.9470e-02
14 +1.115990953e+01 +1.115990953e+01 +1.615799095e+02 +1.615799095e+02 +3.7810e-01 -3.4075e-01
51 +8.852022726e+00 +8.852022726e+00 +1.592720227e+02 +1.592720227e+02 -4.8529e-01 +1.6469e+00
77 +6.042031374e+00 +6.042031374e+00 +1.564620314e+02 +1.564620314e+02 +5.8865e-01 -1.2698e+00
88 +3.587447542e+00 +3.587447542e+00 +1.540074475e+02 +1.540074475e+02 +9.9838e-01 -1.7350e+00
217 +1.229451341e+00 +1.229451341e+00 +1.516494513e+02 +1.516494513e+02 +1.3512e+00 -1.2698e+00
951 +4.801723779e-01 +4.801723779e-01 +1.509001724e+02 +1.509001724e+02 +1.5059e+00 -1.2413e+00
2211 +1.503559526e-01 +1.503559526e-01 +1.505703560e+02 +1.505703560e+02 +1.2529e+00 -1.2413e+00
31194 +7.362863298e-02 +7.362863298e-02 +1.504936286e+02 +1.504936286e+02 +1.2522e+00 -1.2414e+00
66651 +6.063237891e-02 +6.063237891e-02 +1.504806324e+02 +1.504806324e+02 +1.3537e+00 -1.2454e+00
72871 +3.164914291e-02 +3.164914291e-02 +1.504516491e+02 +1.504516491e+02 +1.3026e+00 -1.2454e+00
176579 +1.318133897e-02 +1.318133897e-02 +1.504331813e+02 +1.504331813e+02 +1.3014e+00 -1.2494e+00
% function evaluation | noise-free fitness - Fopt (-1.547400000000e+02) | best noise-free fitness - Fopt | measured fitness | best measured fitness | x1 | x2...
1 +4.309894528e+01 +4.309894528e+01 -1.116410547e+02 -1.116410547e+02 +6.8977e-01 +2.1018e+00
3 +1.460270123e+01 +1.460270123e+01 -1.401372988e+02 -1.401372988e+02 -5.1982e-01 -2.0700e+00
40 +3.179803190e+00 +3.179803190e+00 -1.515601968e+02 -1.515601968e+02 +3.1784e+00 +3.5695e+00
632 +2.402637309e+00 +2.402637309e+00 -1.523373627e+02 -1.523373627e+02 +2.6603e+00 +2.7008e+00
% function evaluation | noise-free fitness - Fopt (-2.032100000000e+02) | best noise-free fitness - Fopt | measured fitness | best measured fitness | x1 | x2...
1 +3.537096718e+01 +3.537096718e+01 -1.678390328e+02 -1.678390328e+02 -1.8616e+00 -2.7413e+00
5 +1.632298439e+01 +1.632298439e+01 -1.868870156e+02 -1.868870156e+02 -3.6721e-02 -1.0889e-01
9 +3.089419507e+00 +3.089419507e+00 -2.001205805e+02 -2.001205805e+02 -8.6184e-01 +1.4289e+00
1794 +2.246191225e+00 +2.246191225e+00 -2.009638088e+02 -2.009638088e+02 +3.4181e+00 -2.8555e+00
116895 +1.707230551e-01 +1.707230551e-01 -2.030392769e+02 -2.030392769e+02 -1.2993e+00 +1.3617e+00
% function evaluation | noise-free fitness - Fopt (1.000000000000e+03) | best noise-free fitness - Fopt | measured fitness | best measured fitness | x1 | x2...
1 +4.520078113e+01 +4.520078113e+01 +1.045200781e+03 +1.045200781e+03 +1.2317e+00 +4.5966e+00
2 +6.020300989e+00 +6.020300989e+00 +1.006020301e+03 +1.006020301e+03 -1.3575e+00 -2.0779e+00
104 +1.758348552e+00 +1.758348552e+00 +1.001758349e+03 +1.001758349e+03 -1.7090e+00 -1.0448e+00
112 +1.430900831e+00 +1.430900831e+00 +1.001430901e+03 +1.001430901e+03 -8.7346e-01 -1.6010e+00
713 +8.169116886e-01 +8.169116886e-01 +1.000816912e+03 +1.000816912e+03 -1.1691e+00 -1.6280e+00
4811 +1.638722820e-01 +1.638722820e-01 +1.000163872e+03 +1.000163872e+03 -1.3988e+00 -1.1836e+00
145561 +9.464011640e-02 +9.464011640e-02 +1.000094640e+03 +1.000094640e+03 -1.2408e+00 -1.2506e+00
198761 +5.200771598e-02 +5.200771598e-02 +1.000052008e+03 +1.000052008e+03 -1.2427e+00 -1.2506e+00
% function evaluation | noise-free fitness - Fopt (8.633000000000e+01) | best noise-free fitness - Fopt | measured fitness | best measured fitness | x1 | x2...
1 +2.796926125e+01 +2.796926125e+01 +1.142992613e+02 +1.142992613e+02 -1.0347e+00 -6.4122e-01
4 +2.311902317e+01 +2.311902317e+01 +1.094490232e+02 +1.094490232e+02 -1.6874e-01 +1.7210e+00
12 +1.230553350e+01 +1.230553350e+01 +9.863553350e+01 +9.863553350e+01 -2.1874e+00 -3.5566e+00
18 +8.816047225e+00 +8.816047225e+00 +9.514604723e+01 +9.514604723e+01 -1.1787e+00 -6.2982e-01
37 +5.858273482e+00 +5.858273482e+00 +9.218827348e+01 +9.218827348e+01 -1.0949e+00 -3.2453e+00
226 +3.900629977e+00 +3.900629977e+00 +9.023062998e+01 +9.023062998e+01 +3.6884e-01 +1.0803e+00
724 +2.046002227e+00 +2.046002227e+00 +8.837600223e+01 +8.837600223e+01 -3.1267e+00 -3.0492e+00
% function evaluation | noise-free fitness - Fopt (1.905300000000e+02) | best noise-free fitness - Fopt | measured fitness | best measured fitness | x1 | x2...
1 +1.065877163e+01 +1.065877163e+01 +2.011887716e+02 +2.011887716e+02 -3.3504e-01 +1.3237e+00
26 +6.958151639e+00 +6.958151639e+00 +1.974881516e+02 +1.974881516e+02 +3.8665e+00 -8.5074e-01
31 +3.762229501e+00 +3.762229501e+00 +1.942922295e+02 +1.942922295e+02 +3.5688e+00 -3.5350e+00
831 +2.395068834e+00 +2.395068834e+00 +1.929250688e+02 +1.929250688e+02 +2.6850e+00 -2.9874e+00
% function evaluation | noise-free fitness - Fopt (3.178000000000e+01) | best noise-free fitness - Fopt | measured fitness | best measured fitness | x1 | x2...
1 +9.016124662e+00 +9.016124662e+00 +4.079612466e+01 +4.079612466e+01 -2.3784e+00 +1.0072e+00
150 +6.211055763e+00 +6.211055763e+00 +3.799105576e+01 +3.799105576e+01 -1.4087e+00 +3.6042e-01
236 +1.956065830e+00 +1.956065830e+00 +3.373606583e+01 +3.373606583e+01 -7.6178e-01 +1.5670e+00
2259 +8.243721024e-01 +8.243721024e-01 +3.260437210e+01 +3.260437210e+01 -1.3199e+00 +8.9644e-01
14060 +3.752197615e-01 +3.752197615e-01 +3.215521976e+01 +3.215521976e+01 -1.2409e+00 +1.3493e+00
16698 +7.705035243e-02 +7.705035243e-02 +3.185705035e+01 +3.185705035e+01 -1.2720e+00 +1.1338e+00
188506 +6.077017325e-02 +6.077017325e-02 +3.184077017e+01 +3.184077017e+01 -1.2286e+00 +1.3649e+00
% function evaluation | noise-free fitness - Fopt (1.741400000000e+02) | best noise-free fitness - Fopt | measured fitness | best measured fitness | x1 | x2...
1 +1.636404467e+01 +1.636404467e+01 +1.905040447e+02 +1.905040447e+02 +1.6066e+00 -9.4852e-01
5 +5.474586194e+00 +5.474586194e+00 +1.796145862e+02 +1.796145862e+02 -5.9745e-01 -1.1051e+00
226 +2.967920251e+00 +2.967920251e+00 +1.771079203e+02 +1.771079203e+02 -8.8728e-01 -7.5396e-01
399 +4.444978661e-01 +4.444978661e-01 +1.745844979e+02 +1.745844979e+02 -1.2995e+00 -9.7557e-01
7815 +2.360290171e-01 +2.360290171e-01 +1.743760290e+02 +1.743760290e+02 -1.1640e+00 -1.1849e+00
42648 +1.016470006e-01 +1.016470006e-01 +1.742416470e+02 +1.742416470e+02 -1.2477e+00 -1.2437e+00
95995 +7.298241934e-02 +7.298241934e-02 +1.742129824e+02 +1.742129824e+02 -1.3319e+00 -1.2962e+00
% function evaluation | noise-free fitness - Fopt (1.496600000000e+02) | best noise-free fitness - Fopt | measured fitness | best measured fitness | x1 | x2...
1 +3.055677866e+01 +3.055677866e+01 +1.802167787e+02 +1.802167787e+02 -2.5298e-01 -1.2659e+00
4 +1.843873575e+01 +1.843873575e+01 +1.680987358e+02 +1.680987358e+02 -6.2709e-01 -1.5285e+00
7 +1.376454626e+01 +1.376454626e+01 +1.634245463e+02 +1.634245463e+02 +5.5270e-01 +1.3199e+00
43 +7.057200628e+00 +7.057200628e+00 +1.567172006e+02 +1.567172006e+02 -1.3851e+00 -2.9589e-01
159 +4.683264174e+00 +4.683264174e+00 +1.543432642e+02 +1.543432642e+02 +1.5311e+00 +2.8413e+00
295 +3.607671770e+00 +3.607671770e+00 +1.532676718e+02 +1.532676718e+02 +3.1708e+00 +1.9893e+00
2888 +2.211949433e+00 +2.211949433e+00 +1.518719494e+02 +1.518719494e+02 +2.8115e+00 +3.1531e+00
% function evaluation | noise-free fitness - Fopt (-4.425600000000e+02) | best noise-free fitness - Fopt | measured fitness | best measured fitness | x1 | x2...
1 +1.479487166e+01 +1.479487166e+01 -4.277651283e+02 -4.277651283e+02 +1.9923e+00 -1.9937e-01
33 +8.761180443e+00 +8.761180443e+00 -4.337988196e+02 -4.337988196e+02 +3.2794e-01 +1.6563e+00
102 +6.069135244e+00 +6.069135244e+00 -4.364908648e+02 -4.364908648e+02 -8.5674e-01 -1.4315e+00
355 +3.338319875e+00 +3.338319875e+00 -4.392216801e+02 -4.392216801e+02 +3.2340e+00 +1.5017e+00
2873 +2.382473189e+00 +2.382473189e+00 -4.401775268e+02 -4.401775268e+02 +2.6741e+00 +2.7175e+00
% function evaluation | noise-free fitness - Fopt (1.583000000000e+01) | best noise-free fitness - Fopt | measured fitness | best measured fitness | x1 | x2...
1 +2.657828747e+01 +2.657828747e+01 +4.240828747e+01 +4.240828747e+01 +2.6478e+00 -1.7163e+00
4 +1.422071423e+01 +1.422071423e+01 +3.005071423e+01 +3.005071423e+01 -9.7045e-01 -1.7204e+00
30 +6.308559378e+00 +6.308559378e+00 +2.213855938e+01 +2.213855938e+01 -2.9994e+00 -2.3724e+00
83 +3.939709246e+00 +3.939709246e+00 +1.976970925e+01 +1.976970925e+01 -2.9450e+00 -1.9962e+00
436 +2.472052651e+00 +2.472052651e+00 +1.830205265e+01 +1.830205265e+01 -3.3005e+00 -2.5612e+00
% function evaluation | noise-free fitness - Fopt (-9.371200000000e+02) | best noise-free fitness - Fopt | measured fitness | best measured fitness | x1 | x2...
1 +5.357926865e+01 +5.357926865e+01 -8.835407314e+02 -8.835407314e+02 +1.2780e+00 -1.0971e+00
2 +1.155778323e+01 +1.155778323e+01 -9.255622168e+02 -9.255622168e+02 -2.4875e+00 -6.8878e-03
3 +5.444708839e+00 +5.444708839e+00 -9.316752912e+02 -9.316752912e+02 +1.5900e+00 +2.5157e-01
338 +3.793048904e+00 +3.793048904e+00 -9.333269511e+02 -9.333269511e+02 +7.3439e-01 +1.1802e+00
1713 +2.184558306e+00 +2.184558306e+00 -9.349354417e+02 -9.349354417e+02 +7.3579e-01 +1.1769e+00
2164 +1.540328449e+00 +1.540328449e+00 -9.355796716e+02 -9.355796716e+02 +1.2520e+00 +1.2554e+00
3450 +5.296106823e-01 +5.296106823e-01 -9.365903893e+02 -9.365903893e+02 +1.4772e+00 +1.0103e+00
5566 +2.000885542e-01 +2.000885542e-01 -9.369199114e+02 -9.369199114e+02 +1.3549e+00 +1.1274e+00
5701 +1.018215471e-01 +1.018215471e-01 -9.370181785e+02 -9.370181785e+02 +1.1803e+00 +1.3320e+00
8027 +1.530826854e-02 +1.530826854e-02 -9.371046917e+02 -9.371046917e+02 +1.2869e+00 +1.2098e+00
163137 +6.154260732e-03 +6.154260732e-03 -9.371138457e+02 -9.371138457e+02 +1.2517e+00 +1.2504e+00
% function evaluation | noise-free fitness - Fopt (-1.553000000000e+01) | best noise-free fitness - Fopt | measured fitness | best measured fitness | x1 | x2...
1 +3.181554327e+01 +3.181554327e+01 +1.628554327e+01 +1.628554327e+01 +9.4139e-02 -1.8638e-01
2 +1.043137160e+01 +1.043137160e+01 -5.098628398e+00 -5.098628398e+00 +2.9849e-01 -1.0793e+00
11 +8.207333259e+00 +8.207333259e+00 -7.322666741e+00 -7.322666741e+00 -1.0203e+00 -2.3635e-01
146 +5.339111804e+00 +5.339111804e+00 -1.019088820e+01 -1.019088820e+01 -7.2116e-01 -1.0581e+00
382 +2.179424830e+00 +2.179424830e+00 -1.335057517e+01 -1.335057517e+01 -6.7962e-01 -1.0793e+00
1338 +1.381815896e+00 +1.381815896e+00 -1.414818410e+01 -1.414818410e+01 -1.0057e+00 -1.3660e+00
4540 +6.616716973e-01 +6.616716973e-01 -1.486832830e+01 -1.486832830e+01 -1.4642e+00 -1.1028e+00
4720 +6.096043587e-01 +6.096043587e-01 -1.492039564e+01 -1.492039564e+01 -1.1591e+00 -1.2997e+00
14973 +3.158317175e-01 +3.158317175e-01 -1.521416828e+01 -1.521416828e+01 -1.4707e+00 -1.1103e+00
41910 +2.345471176e-01 +2.345471176e-01 -1.529545288e+01 -1.529545288e+01 -1.2411e+00 -1.2407e+00
51128 +1.150197539e-01 +1.150197539e-01 -1.541498025e+01 -1.541498025e+01 -1.3816e+00 -1.1667e+00
79941 +1.933112222e-03 +1.933112222e-03 -1.552806689e+01 -1.552806689e+01 -1.2491e+00 -1.2491e+00
% function evaluation | noise-free fitness - Fopt (1.568800000000e+02) | best noise-free fitness - Fopt | measured fitness | best measured fitness | x1 | x2...
1 +5.398205905e+01 +5.398205905e+01 +2.108620590e+02 +2.108620590e+02 -2.4237e+00 +4.5856e-01
2 +3.629999291e+01 +3.629999291e+01 +1.931799929e+02 +1.931799929e+02 +5.7032e-01 -2.3417e+00
3 +1.366867266e+01 +1.366867266e+01 +1.705486727e+02 +1.705486727e+02 -2.1915e+00 -3.6943e-01
29 +3.091128810e+00 +3.091128810e+00 +1.599711288e+02 +1.599711288e+02 +1.7598e+00 +2.4303e+00
4110 +2.399344785e+00 +2.399344785e+00 +1.592793448e+02 +1.592793448e+02 +2.3681e+00 +3.1303e+00
% function evaluation | noise-free fitness - Fopt (-5.710000000000e+00) | best noise-free fitness - Fopt | measured fitness | best measured fitness | x1 | x2...
1 +3.534116492e+01 +3.534116492e+01 +2.963116492e+01 +2.963116492e+01 -7.9757e-01 +4.6517e-01
5 +8.385913603e+00 +8.385913603e+00 +2.675913603e+00 +2.675913603e+00 -2.3377e+00 +2.5229e-01
81 +5.949519321e+00 +5.949519321e+00 +2.395193211e-01 +2.395193211e-01 +5.4358e-01 -1.3640e+00
588 +2.983202954e+00 +2.983202954e+00 -2.726797046e+00 -2.726797046e+00 +1.7701e+00 -1.1369e+00
1759 +2.411439422e+00 +2.411439422e+00 -3.298560578e+00 -3.298560578e+00 -3.2534e+00 +2.3346e+00
% function evaluation | noise-free fitness - Fopt (2.413000000000e+01) | best noise-free fitness - Fopt | measured fitness | best measured fitness | x1 | x2...
1 +3.659681469e+01 +3.659681469e+01 +6.072681469e+01 +6.072681469e+01 -6.4777e-01 +9.3809e-01
3 +1.096414842e+01 +1.096414842e+01 +3.509414842e+01 +3.509414842e+01 +3.7833e+00 +2.2383e+00
31 +9.793008907e+00 +9.793008907e+00 +3.392300891e+01 +3.392300891e+01 +3.9045e+00 +1.1940e+00
33 +5.377960047e+00 +5.377960047e+00 +2.950796005e+01 +2.950796005e+01 -1.4967e+00 -2.2655e+00
130 +1.879119487e+00 +1.879119487e+00 +2.600911949e+01 +2.600911949e+01 -8.7406e-01 -1.0955e+00
2131 +1.499152537e+00 +1.499152537e+00 +2.562915254e+01 +2.562915254e+01 -1.2797e+00 -9.1163e-01
3356 +5.313581284e-01 +5.313581284e-01 +2.466135813e+01 +2.466135813e+01 -1.4095e+00 -1.4140e+00
17744 +2.783683726e-01 +2.783683726e-01 +2.440836837e+01 +2.440836837e+01 -1.2510e+00 -1.2451e+00
34480 +1.478324525e-01 +1.478324525e-01 +2.427783245e+01 +2.427783245e+01 -1.3193e+00 -1.3492e+00
70864 +4.333362792e-02 +4.333362792e-02 +2.417333363e+01 +2.417333363e+01 -1.2526e+00 -1.2451e+00
% function evaluation | noise-free fitness - Fopt (-5.837000000000e+02) | best noise-free fitness - Fopt | measured fitness | best measured fitness | x1 | x2...
1 +3.329721630e+01 +3.329721630e+01 -5.504027837e+02 -5.504027837e+02 +2.5195e+00 -3.1352e-02
3 +8.454099862e+00 +8.454099862e+00 -5.752459001e+02 -5.752459001e+02 -7.0236e-01 -1.1068e+00
16 +4.494710457e+00 +4.494710457e+00 -5.792052895e+02 -5.792052895e+02 +7.8253e-01 +1.6190e+00
195 +3.278350740e+00 +3.278350740e+00 -5.804216493e+02 -5.804216493e+02 +1.2690e+00 +4.4725e-01
291 +2.357749758e+00 +2.357749758e+00 -5.813422502e+02 -5.813422502e+02 +1.5352e+00 +1.3055e+00
327 +8.961736979e-01 +8.961736979e-01 -5.828038263e+02 -5.828038263e+02 +1.5448e+00 +1.2936e+00
1702 +4.109189638e-01 +4.109189638e-01 -5.832890810e+02 -5.832890810e+02 +1.1559e+00 +1.1801e+00
3642 +2.133940620e-01 +2.133940620e-01 -5.834866059e+02 -5.834866059e+02 +1.4639e+00 +1.1801e+00
26401 +1.559509639e-01 +1.559509639e-01 -5.835440490e+02 -5.835440490e+02 +1.1640e+00 +1.1539e+00
32555 +6.362202975e-02 +6.362202975e-02 -5.836363780e+02 -5.836363780e+02 +1.2496e+00 +1.2536e+00
99395 +5.565028744e-03 +5.565028744e-03 -5.836944350e+02 -5.836944350e+02 +1.2496e+00 +1.2502e+00
