% function evaluation | noise-free fitness - Fopt (1.026100000000e+02) | best noise-free fitness - Fopt | measured fitness | best measured fitness | x1 | x2...
1 +2.455522764e+05 +2.455522764e+05 +2.456548864e+05 +2.456548864e+05 -2.1307e+00 -9.9547e+00
2 +7.550796107e+04 +7.550796107e+04 +7.561057107e+04 +7.561057107e+04 -2.9229e+00 -7.7471e+00
3 +2.543046104e+04 +2.543046104e+04 +2.553307104e+04 +2.553307104e+04 +6.5937e+00 -4.4473e-01
4 +2.228496370e+01 +2.228496370e+01 +1.248949637e+02 +1.248949637e+02 +2.1055e+00 -3.1293e+00
7 +6.055081469e+00 +6.055081469e+00 +1.086650815e+02 +1.086650815e+02 +2.6568e+00 -3.1285e+00
352 +3.802182905e+00 +3.802182905e+00 +1.064121829e+02 +1.064121829e+02 +2.6600e+00 -4.0953e+00
1675 +2.345620228e+00 +2.345620228e+00 +1.049556202e+02 +1.049556202e+02 +3.5986e+00 -2.9777e+00
% function evaluation | noise-free fitness - Fopt (9.330000000000e+01) | best noise-free fitness - Fopt | measured fitness | best measured fitness | x1 | x2...
1 +5.238535493e+02 +5.238535493e+02 +6.171535493e+02 +6.171535493e+02 -5.2244e+00 +1.9407e+00
3 +2.305350392e+01 +2.305350392e+01 +1.163535039e+02 +1.163535039e+02 +1.6749e+00 +1.4875e+00
7 +5.563292373e+00 +5.563292373e+00 +9.886329237e+01 +9.886329237e+01 -1.2271e+00 +1.5447e+00
401 +1.035426140e-01 +1.035426140e-01 +9.340354261e+01 +9.340354261e+01 +1.3389e+00 -1.3585e+00
% function evaluation | noise-free fitness - Fopt (1.364000000000e+01) | best noise-free fitness - Fopt | measured fitness | best measured fitness | x1 | x2...
1 +4.688416398e+01 +4.688416398e+01 +6.052416398e+01 +6.052416398e+01 +2.2458e+00 +2.3036e+00
5 +2.173542365e+01 +2.173542365e+01 +3.537542365e+01 +3.537542365e+01 +3.3658e+00 +5.0465e-01
47 +1.177842781e+01 +1.177842781e+01 +2.541842781e+01 +2.541842781e+01 +1.0348e+00 +2.4392e+00
52 +4.382256567e+00 +4.382256567e+00 +1.802225657e+01 +1.802225657e+01 -2.3728e+00 -2.9978e+00
84 +3.898424328e+00 +3.898424328e+00 +1.753842433e+01 +1.753842433e+01 -2.4952e+00 -3.9226e+00
1822 +2.364440621e+00 +2.364440621e+00 +1.600444062e+01 +1.600444062e+01 -3.4178e+00 -3.2933e+00
% function evaluation | noise-free fitness - Fopt (1.948000000000e+02) | best noise-free fitness - Fopt | measured fitness | best measured fitness | x1 | x2...
1 +2.067066875e+05 +2.067066875e+05 +2.069014875e+05 +2.069014875e+05 -9.5448e+00 +4.9899e+00
2 +6.052407146e+00 +6.052407146e+00 +2.008524071e+02 +2.008524071e+02 +4.0454e+00 -1.2731e+00
455 +1.474662682e+00 +1.474662682e+00 +1.962746627e+02 +1.962746627e+02 -8.7906e-01 +9.7525e-01
137783 +9.836023708e-01 +9.836023708e-01 +1.957836024e+02 +1.957836024e+02 -1.3596e+00 +1.2573e+00
% function evaluation | noise-free fitness - Fopt (-1.335900000000e+02) | best noise-free fitness - Fopt | measured fitness | best measured fitness | x1 | x2...
1 +2.806839631e+01 +2.806839631e+01 -1.055216037e+02 -1.055216037e+02 +3.0772e-01 +5.4902e-01
2 +2.091893776e+01 +2.091893776e+01 -1.126710622e+02 -1.126710622e+02 +1.6097e+00 +3.2240e+00
34 +1.501199429e+01 +1.501199429e+01 -1.185780057e+02 -1.185780057e+02 -3.9338e+00 +1.9755e+00
106 +6.898454962e+00 +6.898454962e+00 -1.266915450e+02 -1.266915450e+02 -2.3252e+00 +2.6737e-01
116 +4.837484474e+00 +4.837484474e+00 -1.287525155e+02 -1.287525155e+02 -2.6801e+00 +2.8965e+00
375 +3.918427489e+00 +3.918427489e+00 -1.296715725e+02 -1.296715725e+02 +8.6324e-01 -2.1229e+00
2194 +2.492579505e+00 +2.492579505e+00 -1.310974205e+02 -1.310974205e+02 -2.8177e+00 +2.9807e+00
3842 +5.130208995e-01 +5.130208995e-01 -1.330769791e+02 -1.330769791e+02 +1.2672e+00 -1.2364e+00
% function evaluation | noise-free fitness - Fopt (1.543700000000e+02) | best noise-free fitness - Fopt | measured fitness | best measured fitness | x1 | x2...
1 +5.618246256e+01 +5.618246256e+01 +2.105524626e+02 +2.105524626e+02 +3.3740e+00 -8.1459e-01
7 +1.742593248e+01 +1.742593248e+01 +1.717959325e+02 +1.717959325e+02 -3.2201e+00 +4.2788e+00
13 +1.057610402e+01 +1.057610402e+01 +1.649461040e+02 +1.649461040e+02 -8.2561e-01 +5.7015e-01
76 +7.525274261e+00 +7.525274261e+00 +1.618952743e+02 +1.618952743e+02 -2.3716e+00 +4.6988e+00
208 +5.483744623e+00 +5.483744623e+00 +1.598537446e+02 +1.598537446e+02 -3.2599e+00 +5.9001e-01
258 +2.877297329e+00 +2.877297329e+00 +1.572472973e+02 +1.572472973e+02 -3.4032e+00 +3.4673e+00
489 +2.302065747e+00 +2.302065747e+00 +1.566720657e+02 +1.566720657e+02 -2.7503e+00 +3.0254e+00
% function evaluation | noise-free fitness - Fopt (-2.883300000000e+02) | best noise-free fitness - Fopt | measured fitness | best measured fitness | x1 | x2...
1 +5.396379688e+01 +5.396379688e+01 -2.343662031e+02 -2.343662031e+02 -4.0559e+00 -3.9097e-01
4 +3.923714787e+01 +3.923714787e+01 -2.490928521e+02 -2.490928521e+02 -2.4529e+00 +3.8159e+00
11 +9.051197505e+00 +9.051197505e+00 -2.792788025e+02 -2.792788025e+02 +1.5929e+00 -3.5253e+00
13 +5.009286382e+00 +5.009286382e+00 -2.833207136e+02 -2.833207136e+02 +1.5457e+00 -1.9994e+00
479 +3.662542580e+00 +3.662542580e+00 -2.846674574e+02 -2.846674574e+02 +1.6018e+00 -3.5039e+00
1047 +2.490788734e+00 +2.490788734e+00 -2.858392113e+02 -2.858392113e+02 +3.5373e+00 -3.0628e+00
% function evaluation | noise-free fitness - Fopt (-5.381100000000e+02) | best noise-free fitness - Fopt | measured fitness | best measured fitness | x1 | x2...
1 +6.340652596e+03 +6.340652596e+03 +5.802542596e+03 +5.802542596e+03 -1.2247e+00 +5.7932e+00
2 +1.070553976e+02 +1.070553976e+02 -4.310546024e+02 -4.310546024e+02 -4.8674e+00 -4.0310e+00
5 +4.052352547e+01 +4.052352547e+01 -4.975864745e+02 -4.975864745e+02 +1.0316e-01 -3.0406e+00
6 +3.779114570e+01 +3.779114570e+01 -5.003188543e+02 -5.003188543e+02 -3.1555e+00 +9.4725e-01
21 +2.467032943e+01 +2.467032943e+01 -5.134396706e+02 -5.134396706e+02 +1.5750e+00 +1.1667e+00
30 +1.092355539e+01 +1.092355539e+01 -5.271864446e+02 -5.271864446e+02 -1.7996e+00 -2.2667e+00
63 +7.978953183e+00 +7.978953183e+00 -5.301310468e+02 -5.301310468e+02 +2.5279e+00 +3.9722e+00
174 +1.149338904e+00 +1.149338904e+00 -5.369606611e+02 -5.369606611e+02 -1.4116e+00 -1.3014e+00
% function evaluation | noise-free fitness - Fopt (7.478200000000e+02) | best noise-free fitness - Fopt | measured fitness | best measured fitness | x1 | x2...
1 +4.293629384e+01 +4.293629384e+01 +7.907562938e+02 +7.907562938e+02 -3.7161e+00 -1.3054e+00
3 +3.796209479e+01 +3.796209479e+01 +7.857820948e+02 +7.857820948e+02 +3.6651e+00 +2.4325e+00
4 +1.686302616e+01 +1.686302616e+01 +7.646830262e+02 +7.646830262e+02 -3.8010e-01 +3.1087e+00
19 +1.537548612e+01 +1.537548612e+01 +7.631954861e+02 +7.631954861e+02 +1.6245e+00 +1.0017e+00
183 +8.060462225e+00 +8.060462225e+00 +7.558804622e+02 +7.558804622e+02 +9.4585e-01 +4.8812e+00
222 +5.093007062e+00 +5.093007062e+00 +7.529130071e+02 +7.529130071e+02 -1.8016e+00 -2.1242e+00
300 +3.170992532e+00 +3.170992532e+00 +7.509909925e+02 +7.509909925e+02 -7.8329e-01 -1.0554e+00
511 +1.748388440e+00 +1.748388440e+00 +7.495683884e+02 +7.495683884e+02 -1.1659e+00 -1.3330e+00
1649 +1.510971254e+00 +1.510971254e+00 +7.493309713e+02 +7.493309713e+02 -1.0834e+00 -1.0987e+00
% function evaluation | noise-free fitness - Fopt (1.667000000000e+01) | best noise-free fitness - Fopt | measured fitness | best measured fitness | x1 | x2...
1 +1.053133374e+05 +1.053133374e+05 +1.053300074e+05 +1.053300074e+05 +8.2444e+00 +2.0112e+00
2 +5.365484902e+01 +5.365484902e+01 +7.032484902e+01 +7.032484902e+01 -2.0091e+00 -9.8401e-01
4 +1.411246600e+01 +1.411246600e+01 +3.078246600e+01 +3.078246600e+01 +4.6277e+00 +9.4033e-01
32 +7.890183705e+00 +7.890183705e+00 +2.456018371e+01 +2.456018371e+01 +1.3168e+00 -4.8128e+00
87 +4.459203944e+00 +4.459203944e+00 +2.112920394e+01 +2.112920394e+01 -1.0217e+00 +6.8490e-01
219 +3.901865183e+00 +3.901865183e+00 +2.057186518e+01 +2.057186518e+01 +1.8162e+00 -1.8091e+00
2786 +2.468364551e+00 +2.468364551e+00 +1.913836455e+01 +1.913836455e+01 -1.1318e+00 +1.2947e+00
6063 +1.337973815e+00 +1.337973815e+00 +1.800797381e+01 +1.800797381e+01 -8.3378e-01 +1.2725e+00
% function evaluation | noise-free fitness - Fopt (-6.277000000000e+01) | best noise-free fitness - Fopt | measured fitness | best measured fitness | x1 | x2...
1 +6.534778793e+04 +6.534778793e+04 +6.528501793e+04 +6.528501793e+04 -6.9492e+00 +6.6509e+00
3 +2.633729121e+04 +2.633729121e+04 +2.627452121e+04 +2.627452121e+04 +6.6208e+00 -2.7144e+00
5 +4.244152597e+01 +4.244152597e+01 -2.032847403e+01 -2.032847403e+01 -1.6981e-02 -8.1134e-01
7 +2.687025309e+01 +2.687025309e+01 -3.589974691e+01 -3.589974691e+01 -2.2166e+00 -1.0174e-01
9 +1.363782235e+01 +1.363782235e+01 -4.913217765e+01 -4.913217765e+01 +1.6151e+00 +1.8147e+00
132 +9.576934616e+00 +9.576934616e+00 -5.319306538e+01 -5.319306538e+01 +1.9486e+00 +1.7677e+00
231 +6.045608543e+00 +6.045608543e+00 -5.672439146e+01 -5.672439146e+01 -4.0960e+00 -3.4375e+00
389 +2.228115596e+00 +2.228115596e+00 -6.054188440e+01 -6.054188440e+01 +9.9074e-01 +1.1155e+00
% function evaluation | noise-free fitness - Fopt (1.096000000000e+01) | best noise-free fitness - Fopt | measured fitness | best measured fitness | x1 | x2...
1 +1.644034372e+04 +1.644034372e+04 +1.645130372e+04 +1.645130372e+04 -5.4381e-01 +6.2807e+00
2 +2.744083988e+01 +2.744083988e+01 +3.840083988e+01 +3.840083988e+01 -2.5667e+00 +9.4734e-01
7 +1.138667392e+01 +1.138667392e+01 +2.234667392e+01 +2.234667392e+01 -4.4527e+00 +3.3736e-01
45 +5.177466540e+00 +5.177466540e+00 +1.613746654e+01 +1.613746654e+01 -3.4962e+00 +1.8586e+00
136 +3.869791299e+00 +3.869791299e+00 +1.482979130e+01 +1.482979130e+01 +5.2226e-01 -1.4504e+00
288 +1.675179683e+00 +1.675179683e+00 +1.263517968e+01 +1.263517968e+01 +8.6832e-01 -7.7962e-01
8485 +1.273385575e+00 +1.273385575e+00 +1.223338557e+01 +1.223338557e+01 +1.1230e+00 -1.5184e+00
14135 +3.124085629e-01 +3.124085629e-01 +1.127240856e+01 +1.127240856e+01 +1.1259e+00 -1.0762e+00
% function evaluation | noise-free fitness - Fopt (9.038000000000e+01) | best noise-free fitness - Fopt | measured fitness | best measured fitness | x1 | x2...
1 +2.393125937e+05 +2.393125937e+05 +2.394029737e+05 +2.394029737e+05 +9.8905e+00 -1.8781e+00
3 +2.315960199e+01 +2.315960199e+01 +1.135396020e+02 +1.135396020e+02 +8.6205e-01 +1.8728e+00
4 +1.436292373e+01 +1.436292373e+01 +1.047429237e+02 +1.047429237e+02 +1.8400e-01 -4.6423e+00
30 +9.629043452e+00 +9.629043452e+00 +1.000090435e+02 +1.000090435e+02 +1.3872e+00 +1.5085e+00
31 +5.223280201e+00 +5.223280201e+00 +9.560328020e+01 +9.560328020e+01 -4.5053e+00 -1.5696e+00
1026 +2.179214093e+00 +2.179214093e+00 +9.255921409e+01 +9.255921409e+01 -2.7694e+00 -3.1866e+00
1767 +1.191098180e+00 +1.191098180e+00 +9.157109818e+01 +9.157109818e+01 +8.6803e-01 +1.4587e+00
% function evaluation | noise-free fitness - Fopt (-2.635200000000e+02) | best noise-free fitness - Fopt | measured fitness | best measured fitness | x1 | x2...
1 +3.449108327e+01 +3.449108327e+01 -2.290289167e+02 -2.290289167e+02 +2.8044e+00 +1.1473e+00
11 +1.493101864e+01 +1.493101864e+01 -2.485889814e+02 -2.485889814e+02 +4.1233e+00 +3.4867e+00
18 +4.829230398e+00 +4.829230398e+00 -2.586907696e+02 -2.586907696e+02 +2.6746e+00 +3.2315e+00
455 +2.228761096e+00 +2.228761096e+00 -2.612912389e+02 -2.612912389e+02 +3.1537e+00 +2.6716e+00
% function evaluation | noise-free fitness - Fopt (3.101900000000e+02) | best noise-free fitness - Fopt | measured fitness | best measured fitness | x1 | x2...
1 +1.637481500e+05 +1.637481500e+05 +1.640583400e+05 +1.640583400e+05 -2.7763e+00 -9.0459e+00
2 +2.477103132e+01 +2.477103132e+01 +3.349610313e+02 +3.349610313e+02 +3.6642e+00 -1.5935e-01
6 +7.789816664e+00 +7.789816664e+00 +3.179798167e+02 +3.179798167e+02 +2.3071e+00 -3.6477e-01
25 +6.106130291e+00 +6.106130291e+00 +3.162961303e+02 +3.162961303e+02 +4.3431e+00 -1.7718e+00
411 +2.976883078e+00 +2.976883078e+00 +3.131668831e+02 +3.131668831e+02 +2.9189e+00 -3.1608e+00
808 +2.349733330e+00 +2.349733330e+00 +3.125397333e+02 +3.125397333e+02 +2.6394e+00 -2.3274e+00
% function evaluation | noise-free fitness - Fopt (-5.638000000000e+01) | best noise-free fitness - Fopt | measured fitness | best measured fitness | x1 | x2...
1 +2.381579405e+01 +2.381579405e+01 -3.256420595e+01 -3.256420595e+01 +8.9377e-01 +3.4420e+00
13 +1.472852310e+01 +1.472852310e+01 -4.165147690e+01 -4.165147690e+01 +7.9502e-02 -6.9648e-01
75 +2.728969362e+00 +2.728969362e+00 -5.365103064e+01 -5.365103064e+01 -3.3173e+00 +2.9739e+00
194 +2.468383677e+00 +2.468383677e+00 -5.391161632e+01 -5.391161632e+01 -2.6193e+00 +3.0586e+00
% function evaluation | noise-free fitness - Fopt (-1.000000000000e+03) | best noise-free fitness - Fopt | measured fitness | best measured fitness | x1 | x2...
1 +3.480335159e+01 +3.480335159e+01 -9.651966484e+02 -9.651966484e+02 +4.3319e+00 +3.2356e+00
11 +2.081668874e+01 +2.081668874e+01 -9.791833113e+02 -9.791833113e+02 +4.3320e+00 -1.6280e+00
26 +1.507174780e+01 +1.507174780e+01 -9.849282522e+02 -9.849282522e+02 +3.7084e+00 -1.0345e+00
85 +3.680438295e+00 +3.680438295e+00 -9.963195617e+02 -9.963195617e+02 +3.1858e+00 -2.1133e+00
871 +9.003697892e-01 +9.003697892e-01 -9.990996302e+02 -9.990996302e+02 -1.4527e+00 +1.5055e+00
% function evaluation | noise-free fitness - Fopt (3.548000000000e+01) | best noise-free fitness - Fopt | measured fitness | best measured fitness | x1 | x2...
1 +5.423833235e+01 +5.423833235e+01 +8.971833235e+01 +8.971833235e+01 -2.7868e+00 +3.1560e+00
3 +1.679960091e+01 +1.679960091e+01 +5.227960091e+01 +5.227960091e+01 +5.3884e-01 -4.5046e+00
17 +9.639406499e+00 +9.639406499e+00 +4.511940650e+01 +4.511940650e+01 -2.0450e+00 -4.7043e+00
189 +6.186945689e+00 +6.186945689e+00 +4.166694569e+01 +4.166694569e+01 -6.7457e-01 -3.2370e+00
1170 +3.748227563e+00 +3.748227563e+00 +3.922822756e+01 +3.922822756e+01 -3.4651e+00 -3.4179e+00
2076 +2.270830580e+00 +2.270830580e+00 +3.775083058e+01 +3.775083058e+01 -2.4498e+00 -2.9038e+00
% function evaluation | noise-free fitness - Fopt (-5.263000000000e+01) | best noise-free fitness - Fopt | measured fitness | best measured fitness | x1 | x2...
1 +2.360024165e+01 +2.360024165e+01 -2.902975835e+01 -2.902975835e+01 -3.7710e+00 +2.1651e+00
40 +1.107076220e+01 +1.107076220e+01 -4.155923780e+01 -4.155923780e+01 -2.4148e-01 +2.4499e+00
44 +4.559649759e+00 +4.559649759e+00 -4.807035024e+01 -4.807035024e+01 -3.9931e+00 +2.4501e+00
389 +3.934528906e+00 +3.934528906e+00 -4.869547109e+01 -4.869547109e+01 -4.1093e+00 +3.9660e+00
1296 +2.084798175e+00 +2.084798175e+00 -5.054520182e+01 -5.054520182e+01 -3.2074e+00 +3.0696e+00
% function evaluation | noise-free fitness - Fopt (-6.888900000000e+02) | best noise-free fitness - Fopt | measured fitness | best measured fitness | x1 | x2...
1 +8.047398777e+04 +8.047398777e+04 +7.978509777e+04 +7.978509777e+04 +7.8360e+00 +8.8425e-01
2 +2.014405325e+04 +2.014405325e+04 +1.945516325e+04 +1.945516325e+04 +1.6551e+00 -6.4182e+00
3 +5.974501926e+03 +5.974501926e+03 +5.285611926e+03 +5.285611926e+03 +5.7712e+00 -1.2127e+00
7 +7.866780227e+00 +7.866780227e+00 -6.810232198e+02 -6.810232198e+02 +2.1229e+00 -2.4272e+00
297 +6.217571822e+00 +6.217571822e+00 -6.826724282e+02 -6.826724282e+02 +1.3112e+00 -1.3414e+00
365 +3.762129631e+00 +3.762129631e+00 -6.851278704e+02 -6.851278704e+02 +4.0249e+00 -3.6438e+00
1212 +2.442250170e+00 +2.442250170e+00 -6.864477498e+02 -6.864477498e+02 +2.7488e+00 -3.6209e+00
% function evaluation | noise-free fitness - Fopt (-4.089000000000e+01) | best noise-free fitness - Fopt | measured fitness | best measured fitness | x1 | x2...
1 +6.352613069e+01 +6.352613069e+01 +2.263613069e+01 +2.263613069e+01 -4.9654e+00 -2.8642e+00
2 +2.306216908e+01 +2.306216908e+01 -1.782783092e+01 -1.782783092e+01 +1.3346e+00 +6.0426e-01
25 +1.447010774e+01 +1.447010774e+01 -2.641989226e+01 -2.641989226e+01 +1.8511e+00 +7.9924e-01
26 +8.119600608e+00 +8.119600608e+00 -3.277039939e+01 -3.277039939e+01 -2.3205e+00 +1.4230e+00
122 +2.957936845e+00 +2.957936845e+00 -3.793206315e+01 -3.793206315e+01 +3.7859e+00 -3.2462e+00
2732 +2.102765128e+00 +2.102765128e+00 -3.878723487e+01 -3.878723487e+01 +2.8669e+00 -3.1384e+00
% function evaluation | noise-free fitness - Fopt (-2.512400000000e+02) | best noise-free fitness - Fopt | measured fitness | best measured fitness | x1 | x2...
1 +4.844421488e+01 +4.844421488e+01 -2.027957851e+02 -2.027957851e+02 +2.0755e+00 -3.0777e+00
2 +3.177410846e+01 +3.177410846e+01 -2.194658915e+02 -2.194658915e+02 -1.4499e+00 +2.8595e-01
3 +1.873204244e+01 +1.873204244e+01 -2.325079576e+02 -2.325079576e+02 -7.4834e-01 -5.6362e-01
24 +1.218731353e+01 +1.218731353e+01 -2.390526865e+02 -2.390526865e+02 -2.7856e+00 +9.2131e-01
32 +6.926175823e+00 +6.926175823e+00 -2.443138242e+02 -2.443138242e+02 -8.4956e-01 -1.0059e+00
62 +5.871198968e+00 +5.871198968e+00 -2.453688010e+02 -2.453688010e+02 -2.0399e+00 -1.0082e+00
481 +2.593269832e+00 +2.593269832e+00 -2.486467302e+02 -2.486467302e+02 -3.7544e+00 -3.3231e+00
730 +1.659180307e+00 +1.659180307e+00 -2.495808197e+02 -2.495808197e+02 +1.4475e+00 +1.6677e+00
11292 +1.121985444e+00 +1.121985444e+00 -2.501180146e+02 -2.501180146e+02 +1.2466e+00 +1.2335e+00
% function evaluation | noise-free fitness - Fopt (-3.288000000000e+01) | best noise-free fitness - Fopt | measured fitness | best measured fitness | x1 | x2...
1 +4.326157977e+01 +4.326157977e+01 +1.038157977e+01 +1.038157977e+01 +4.6545e+00 +4.5244e-01
3 +3.492824184e+01 +3.492824184e+01 +2.048241843e+00 +2.048241843e+00 +4.8640e+00 +2.6694e+00
5 +7.824835361e+00 +7.824835361e+00 -2.505516464e+01 -2.505516464e+01 +4.0257e+00 -3.4639e-01
121 +5.642342755e+00 +5.642342755e+00 -2.723765724e+01 -2.723765724e+01 +4.8561e+00 -1.6277e+00
522 +3.673887789e+00 +3.673887789e+00 -2.920611221e+01 -2.920611221e+01 +2.4646e+00 -1.4450e+00
2242 +2.498714192e+00 +2.498714192e+00 -3.038128581e+01 -3.038128581e+01 -1.3096e+00 +7.2547e-01
3441 +9.948775654e-01 +9.948775654e-01 -3.188512243e+01 -3.188512243e+01 -9.1789e-01 +1.3013e+00
161781 +5.954718443e-01 +5.954718443e-01 -3.228452816e+01 -3.228452816e+01 -9.1789e-01 +1.1252e+00
% function evaluation | noise-free fitness - Fopt (-8.570000000000e+00) | best noise-free fitness - Fopt | measured fitness | best measured fitness | x1 | x2...
1 +8.243640588e+02 +8.243640588e+02 +8.157940588e+02 +8.157940588e+02 +5.2810e+00 +6.4388e-01
3 +8.431153670e+00 +8.431153670e+00 -1.388463301e-01 -1.388463301e-01 -1.8201e+00 -4.5393e-01
131 +3.578958840e+00 +3.578958840e+00 -4.991041160e+00 -4.991041160e+00 +2.2538e+00 +2.7582e+00
242 +2.320576532e+00 +2.320576532e+00 -6.249423468e+00 -6.249423468e+00 -1.0718e+00 -1.1674e+00
% function evaluation | noise-free fitness - Fopt (-1.402500000000e+02) | best noise-free fitness - Fopt | measured fitness | best measured fitness | x1 | x2...
1 +1.735004344e+04 +1.735004344e+04 +1.720979344e+04 +1.720979344e+04 -3.2849e+00 +6.3143e+00
2 +7.285268944e+01 +7.285268944e+01 -6.739731056e+01 -6.739731056e+01 +3.1135e+00 +4.4376e+00
6 +2.537315103e+01 +2.537315103e+01 -1.148768490e+02 -1.148768490e+02 +4.3879e-01 +1.8601e+00
8 +2.416513035e+01 +2.416513035e+01 -1.160848696e+02 -1.160848696e+02 -3.0711e+00 +4.1711e-01
24 +9.637655463e+00 +9.637655463e+00 -1.306123445e+02 -1.306123445e+02 -3.4541e+00 -1.0484e+00
44 +4.290235825e+00 +4.290235825e+00 -1.359597642e+02 -1.359597642e+02 +1.4499e+00 +1.5093e+00
584 +3.392532336e+00 +3.392532336e+00 -1.368574677e+02 -1.368574677e+02 +1.1138e+00 +1.8523e+00
1166 +2.323890042e+00 +2.323890042e+00 -1.379261100e+02 -1.379261100e+02 -3.1011e+00 -3.5334e+00
% function evaluation | noise-free fitness - Fopt (2.817400000000e+02) | best noise-free fitness - Fopt | measured fitness | best measured fitness | x1 | x2...
1 +6.246620479e+04 +6.246620479e+04 +6.274794479e+04 +6.274794479e+04 -7.4978e+00 +2.3050e+00
2 +4.590744303e+01 +4.590744303e+01 +3.276474430e+02 +3.276474430e+02 +5.6740e-01 -1.8458e+00
8 +1.560391829e+01 +1.560391829e+01 +2.973439183e+02 +2.973439183e+02 +4.1848e+00 -2.3064e-01
45 +8.409036293e+00 +8.409036293e+00 +2.901490363e+02 +2.901490363e+02 +1.7511e+00 +8.7659e-01
325 +6.133650471e+00 +6.133650471e+00 +2.878736505e+02 +2.878736505e+02 +2.4941e+00 +4.0571e+00
660 +2.884972116e+00 +2.884972116e+00 +2.846249721e+02 +2.846249721e+02 -1.5267e+00 -1.6277e+00
6485 +2.267652599e+00 +2.267652599e+00 +2.840076526e+02 +2.840076526e+02 +2.5890e+00 +2.5151e+00
% function evaluation | noise-free fitness - Fopt (7.814000000000e+01) | best noise-free fitness - Fopt | measured fitness | best measured fitness | x1 | x2...
1 +3.329851684e+01 +3.329851684e+01 +1.114385168e+02 +1.114385168e+02 +4.8940e+00 +2.8827e+00
25 +1.737229120e+01 +1.737229120e+01 +9.551229120e+01 +9.551229120e+01 +3.9446e+00 -5.9472e-01
36 +9.295498974e+00 +9.295498974e+00 +8.743549897e+01 +8.743549897e+01 +8.0816e-01 +3.7616e+00
52 +5.057880761e+00 +5.057880761e+00 +8.319788076e+01 +8.319788076e+01 +1.0310e+00 +2.6876e+00
335 +3.870639161e+00 +3.870639161e+00 +8.201063916e+01 +8.201063916e+01 +3.3004e+00 +2.1579e+00
388 +2.361579822e+00 +2.361579822e+00 +8.050157982e+01 +8.050157982e+01 +3.2176e+00 +2.4516e+00
% function evaluation | noise-free fitness - Fopt (-2.405100000000e+02) | best noise-free fitness - Fopt | measured fitness | best measured fitness | x1 | x2...
1 +1.001358073e+02 +1.001358073e+02 -1.403741927e+02 -1.403741927e+02 -3.5870e+00 -4.6088e+00
3 +3.849399601e+00 +3.849399601e+00 -2.366606004e+02 -2.366606004e+02 +3.0293e+00 +4.5031e+00
1494 +2.489362271e+00 +2.489362271e+00 -2.380206377e+02 -2.380206377e+02 +2.6572e+00 +2.4674e+00
% function evaluation | noise-free fitness - Fopt (-1.896000000000e+01) | best noise-free fitness - Fopt | measured fitness | best measured fitness | x1 | x2...
1 +5.920334827e+01 +5.920334827e+01 +4.024334827e+01 +4.024334827e+01 -3.6753e+00 +3.0307e+00
8 +2.202076413e+01 +2.202076413e+01 +3.060764134e+00 +3.060764134e+00 +3.3231e+00 -3.8195e+00
27 +3.414575540e+00 +3.414575540e+00 -1.554542446e+01 -1.554542446e+01 +3.7590e+00 -2.4765e+00
387 +2.204081625e+00 +2.204081625e+00 -1.675591837e+01 -1.675591837e+01 -7.9537e-01 +1.5293e+00
% function evaluation | noise-free fitness - Fopt (7.708000000000e+01) | best noise-free fitness - Fopt | measured fitness | best measured fitness | x1 | x2...
1 +8.640590149e+04 +8.640590149e+04 +8.648298149e+04 +8.648298149e+04 +9.9452e-01 -7.9378e+00
3 +2.938681779e+01 +2.938681779e+01 +1.064668178e+02 +1.064668178e+02 -2.6837e+00 -6.9401e-01
19 +1.379332108e+01 +1.379332108e+01 +9.087332108e+01 +9.087332108e+01 +3.3281e-01 +2.0017e+00
60 +8.117592785e+00 +8.117592785e+00 +8.519759279e+01 +8.519759279e+01 +1.8763e-01 +2.4372e+00
254 +5.141703777e+00 +5.141703777e+00 +8.222170378e+01 +8.222170378e+01 -3.9256e+00 +3.4430e+00
471 +3.954838197e+00 +3.954838197e+00 +8.103483820e+01 +8.103483820e+01 -1.3409e+00 +3.2966e+00
489 +2.122198642e+00 +2.122198642e+00 +7.920219864e+01 +7.920219864e+01 +9.6809e-01 -1.5270e+00
% function evaluation | noise-free fitness - Fopt (-3.068400000000e+02) | best noise-free fitness - Fopt | measured fitness | best measured fitness | x1 | x2...
1 +4.148566334e+01 +4.148566334e+01 -2.653543367e+02 -2.653543367e+02 +2.4628e-01 +2.9829e+00
3 +2.466444829e+01 +2.466444829e+01 -2.821755517e+02 -2.821755517e+02 -9.3226e-01 +1.6922e+00
9 +1.156782229e+01 +1.156782229e+01 -2.952721777e+02 -2.952721777e+02 -1.4581e-01 -2.7638e+00
76 +5.551988261e+00 +5.551988261e+00 -3.012880117e+02 -3.012880117e+02 -3.0783e+00 -3.5782e+00
536 +3.438682678e+00 +3.438682678e+00 -3.034013173e+02 -3.034013173e+02 -3.1134e+00 -3.0072e+00
2055 +2.273622998e+00 +2.273622998e+00 -3.045663770e+02 -3.045663770e+02 -3.0054e+00 -2.9250e+00
3049 +1.157585399e+00 +1.157585399e+00 -3.056824146e+02 -3.056824146e+02 +1.2008e+00 +1.6315e+00
% function evaluation | noise-free fitness - Fopt (1.717600000000e+02) | best noise-free fitness - Fopt | measured fitness | best measured fitness | x1 | x2...
1 +5.753265552e+01 +5.753265552e+01 +2.292926555e+02 +2.292926555e+02 +4.7301e+00 -4.5344e+00
2 +3.970307840e+01 +3.970307840e+01 +2.114630784e+02 +2.114630784e+02 +5.1400e-01 -1.5556e+00
9 +1.449956777e+01 +1.449956777e+01 +1.862595678e+02 +1.862595678e+02 -1.9916e+00 -6.5246e-01
34 +3.578039820e+00 +3.578039820e+00 +1.753380398e+02 +1.753380398e+02 -5.9860e-01 -1.0182e+00
2525 +2.227269757e+00 +2.227269757e+00 +1.739872698e+02 +1.739872698e+02 -1.9144e+00 -1.1759e+00
% function evaluation | noise-free fitness - Fopt (-1.763000000000e+01) | best noise-free fitness - Fopt | measured fitness | best measured fitness | x1 | x2...
1 +7.561293380e+02 +7.561293380e+02 +7.384993380e+02 +7.384993380e+02 +4.3494e-01 -5.2581e+00
2 +2.742759031e+01 +2.742759031e+01 +9.797590309e+00 +9.797590309e+00 +2.8418e-01 -1.8559e+00
6 +1.260567819e+01 +1.260567819e+01 -5.024321813e+00 -5.024321813e+00 -1.3394e+00 +3.8291e+00
131 +9.929410818e+00 +9.929410818e+00 -7.700589182e+00 -7.700589182e+00 -9.8515e-01 +7.4513e-01
226 +5.300510031e+00 +5.300510031e+00 -1.232948997e+01 -1.232948997e+01 +1.8993e+00 -6.7291e-01
532 +3.583104325e+00 +3.583104325e+00 -1.404689568e+01 -1.404689568e+01 -1.5259e+00 +2.8334e+00
1481 +2.326130750e+00 +2.326130750e+00 -1.530386925e+01 -1.530386925e+01 -3.1958e+00 +2.3765e+00
% function evaluation | noise-free fitness - Fopt (-5.858000000000e+01) | best noise-free fitness - Fopt | measured fitness | best measured fitness | x1 | x2...
1 +2.546698758e+01 +2.546698758e+01 -3.311301242e+01 -3.311301242e+01 -3.0766e-01 +9.2981e-01
28 +1.567481923e+01 +1.567481923e+01 -4.290518077e+01 -4.290518077e+01 -3.9844e-01 +3.6208e+00
88 +5.102935821e+00 +5.102935821e+00 -5.347706418e+01 -5.347706418e+01 -3.9844e-01 -1.0240e+00
239 +3.961263435e+00 +3.961263435e+00 -5.461873657e+01 -5.461873657e+01 +4.5784e+00 +3.0153e+00
1145 +2.449704131e+00 +2.449704131e+00 -5.613029587e+01 -5.613029587e+01 +2.2462e+00 +2.8143e+00
% function evaluation | noise-free fitness - Fopt (-6.010000000000e+01) | best noise-free fitness - Fopt | measured fitness | best measured fitness | x1 | x2...
1 +2.869144943e+04 +2.869144943e+04 +2.863134943e+04 +2.863134943e+04 -2.8514e-01 +6.6910e+00
2 +3.395422833e+01 +3.395422833e+01 -2.614577167e+01 -2.614577167e+01 +1.4204e+00 -3.7130e+00
10 +1.277010901e+01 +1.277010901e+01 -4.732989099e+01 -4.732989099e+01 +6.9747e-01 +4.9652e-01
61 +1.622454313e+00 +1.622454313e+00 -5.847754569e+01 -5.847754569e+01 +1.2794e+00 +1.2335e+00
2269 +1.002036243e+00 +1.002036243e+00 -5.909796376e+01 -5.909796376e+01 +1.2536e+00 +1.2445e+00
2314 +3.579580482e-01 +3.579580482e-01 -5.974204195e+01 -5.974204195e+01 +1.5344e+00 +1.1935e+00
% function evaluation | noise-free fitness - Fopt (1.489000000000e+01) | best noise-free fitness - Fopt | measured fitness | best measured fitness | x1 | x2...
1 +1.249108929e+05 +1.249108929e+05 +1.249257829e+05 +1.249257829e+05 +8.5329e+00 +1.7833e+00
2 +6.431576121e+01 +6.431576121e+01 +7.920576121e+01 +7.920576121e+01 -4.1600e-01 -3.1964e+00
3 +5.078435987e+01 +5.078435987e+01 +6.567435987e+01 +6.567435987e+01 +2.6758e+00 +2.6443e+00
4 +1.015371090e+01 +1.015371090e+01 +2.504371090e+01 +2.504371090e+01 -3.6578e+00 +2.0804e+00
25 +5.758548247e+00 +5.758548247e+00 +2.064854825e+01 +2.064854825e+01 -4.2220e+00 +4.2967e+00
174 +3.593324441e+00 +3.593324441e+00 +1.848332444e+01 +1.848332444e+01 -4.0918e+00 +3.6406e+00
1532 +2.383675813e+00 +2.383675813e+00 +1.727367581e+01 +1.727367581e+01 -2.7273e+00 +2.7914e+00
% function evaluation | noise-free fitness - Fopt (3.193500000000e+02) | best noise-free fitness - Fopt | measured fitness | best measured fitness | x1 | x2...
1 +9.351074757e+02 +9.351074757e+02 +1.254457476e+03 +1.254457476e+03 +4.2383e+00 -5.2917e+00
2 +2.892576146e+01 +2.892576146e+01 +3.482757615e+02 +3.482757615e+02 -6.2709e-01 +2.1962e+00
3 +2.430360582e+01 +2.430360582e+01 +3.436536058e+02 +3.436536058e+02 -1.0065e+00 -1.1352e+00
5 +1.288821316e+01 +1.288821316e+01 +3.322382132e+02 +3.322382132e+02 -4.3285e+00 -2.2341e-01
77 +9.777117147e+00 +9.777117147e+00 +3.291271171e+02 +3.291271171e+02 -4.1782e+00 +1.3095e+00
132 +3.092428655e+00 +3.092428655e+00 +3.224424287e+02 +3.224424287e+02 -3.2566e+00 +3.1261e+00
1324 +2.348435429e+00 +2.348435429e+00 +3.216984354e+02 +3.216984354e+02 -3.2488e+00 +3.2379e+00
% function evaluation | noise-free fitness - Fopt (-1.315700000000e+02) | best noise-free fitness - Fopt | measured fitness | best measured fitness | x1 | x2...
1 +3.685772015e+01 +3.685772015e+01 -9.471227985e+01 -9.471227985e+01 +1.6092e+00 +2.6842e+00
3 +5.836811291e+00 +5.836811291e+00 -1.257331887e+02 -1.257331887e+02 -3.4187e+00 -9.0117e-01
198 +3.633016312e+00 +3.633016312e+00 -1.279369837e+02 -1.279369837e+02 +1.9017e+00 +7.2689e-01
799 +2.134306380e+00 +2.134306380e+00 -1.294356936e+02 -1.294356936e+02 +8.2775e-01 +1.4974e+00
% function evaluation | noise-free fitness - Fopt (-1.505600000000e+02) | best noise-free fitness - Fopt | measured fitness | best measured fitness | x1 | x2...
1 +3.274914363e+03 +3.274914363e+03 +3.124354363e+03 +3.124354363e+03 +1.7291e+00 +5.5663e+00
2 +4.354421664e+01 +4.354421664e+01 -1.070157834e+02 -1.070157834e+02 -6.0268e-01 -5.0327e+00
5 +2.945910760e+01 +2.945910760e+01 -1.211008924e+02 -1.211008924e+02 +1.8838e-01 -2.7761e+00
11 +2.198999039e+01 +2.198999039e+01 -1.285700096e+02 -1.285700096e+02 -7.5254e-01 +2.4226e-01
30 +7.603835659e+00 +7.603835659e+00 -1.429561643e+02 -1.429561643e+02 +2.2830e+00 -1.7830e+00
79 +7.702988689e-01 +7.702988689e-01 -1.497897011e+02 -1.497897011e+02 -1.3278e+00 +9.7244e-01
34766 +2.811898120e-01 +2.811898120e-01 -1.502788102e+02 -1.502788102e+02 -1.2133e+00 +1.4671e+00
% function evaluation | noise-free fitness - Fopt (-6.851600000000e+02) | best noise-free fitness - Fopt | measured fitness | best measured fitness | x1 | x2...
1 +4.309995115e+04 +4.309995115e+04 +4.241479115e+04 +4.241479115e+04 -1.3458e+00 -7.0740e+00
3 +6.364415874e+01 +6.364415874e+01 -6.215158413e+02 -6.215158413e+02 +4.1767e+00 -3.2867e+00
4 +3.648949829e+01 +3.648949829e+01 -6.486705017e+02 -6.486705017e+02 +1.5412e+00 +7.0722e-01
9 +1.371253755e+01 +1.371253755e+01 -6.714474625e+02 -6.714474625e+02 +1.0230e-01 +3.4972e+00
46 +7.754128893e+00 +7.754128893e+00 -6.774058711e+02 -6.774058711e+02 +9.4296e-01 +1.3645e+00
230 +5.355234530e+00 +5.355234530e+00 -6.798047655e+02 -6.798047655e+02 -1.0438e+00 -6.7301e-01
849 +3.908477037e+00 +3.908477037e+00 -6.812515230e+02 -6.812515230e+02 +2.2391e+00 +2.9496e+00
2506 +2.271954528e+00 +2.271954528e+00 -6.828880455e+02 -6.828880455e+02 +3.1351e+00 +2.7751e+00
% function evaluation | noise-free fitness - Fopt (-8.468100000000e+02) | best noise-free fitness - Fopt | measured fitness | best measured fitness | x1 | x2...
1 +7.023797821e+03 +7.023797821e+03 +6.176987821e+03 +6.176987821e+03 -5.8341e+00 +3.3456e+00
3 +3.505001315e+01 +3.505001315e+01 -8.117599868e+02 -8.117599868e+02 +4.1563e+00 +1.5427e+00
6 +1.279741611e+01 +1.279741611e+01 -8.340125839e+02 -8.340125839e+02 -6.8452e-01 -2.8905e+00
42 +9.834064021e+00 +9.834064021e+00 -8.369759360e+02 -8.369759360e+02 -3.2278e-01 +2.4914e+00
131 +4.547740187e+00 +4.547740187e+00 -8.422622598e+02 -8.422622598e+02 +4.2230e+00 +2.1507e+00
264 +3.979081819e+00 +3.979081819e+00 -8.428309182e+02 -8.428309182e+02 +3.5611e+00 +3.4120e+00
1332 +2.127567649e+00 +2.127567649e+00 -8.446824324e+02 -8.446824324e+02 +3.0487e+00 +2.9539e+00
% function evaluation | noise-free fitness - Fopt (1.363000000000e+01) | best noise-free fitness - Fopt | measured fitness | best measured fitness | x1 | x2...
1 +1.582817285e+05 +1.582817285e+05 +1.582953585e+05 +1.582953585e+05 +8.9768e+00 -5.0569e+00
3 +2.397028231e+02 +2.397028231e+02 +2.533328231e+02 +2.533328231e+02 -5.1358e+00 +1.0346e+00
4 +3.999559213e+01 +3.999559213e+01 +5.362559213e+01 +5.362559213e+01 -3.2095e+00 -5.6204e-03
5 +1.118682164e+01 +1.118682164e+01 +2.481682164e+01 +2.481682164e+01 +4.7602e-01 +2.3975e+00
60 +5.463770677e+00 +5.463770677e+00 +1.909377068e+01 +1.909377068e+01 +3.8954e+00 +4.5627e+00
260 +3.324022080e+00 +3.324022080e+00 +1.695402208e+01 +1.695402208e+01 +3.2039e+00 +3.6914e+00
2047 +2.400573675e+00 +2.400573675e+00 +1.603057368e+01 +1.603057368e+01 +2.8928e+00 +2.4589e+00
% function evaluation | noise-free fitness - Fopt (-3.718000000000e+01) | best noise-free fitness - Fopt | measured fitness | best measured fitness | x1 | x2...
1 +1.887712181e+05 +1.887712181e+05 +1.887340381e+05 +1.887340381e+05 -5.3800e+00 -9.3275e+00
2 +5.823639829e+01 +5.823639829e+01 +2.105639829e+01 +2.105639829e+01 -4.9335e+00 +4.0909e+00
3 +2.416047143e+01 +2.416047143e+01 -1.301952857e+01 -1.301952857e+01 -4.8267e+00 -1.2206e+00
12 +1.368582919e+01 +1.368582919e+01 -2.349417081e+01 -2.349417081e+01 -1.3472e-02 -3.2699e+00
55 +7.114918733e+00 +7.114918733e+00 -3.006508127e+01 -3.006508127e+01 -3.4835e+00 -1.6508e+00
102 +3.650949711e+00 +3.650949711e+00 -3.352905029e+01 -3.352905029e+01 -3.4476e+00 -4.1308e+00
193 +1.615322514e+00 +1.615322514e+00 -3.556467749e+01 -3.556467749e+01 +1.1059e+00 +1.0818e+00
4366 +4.327401641e-01 +4.327401641e-01 -3.674725984e+01 -3.674725984e+01 +1.2059e+00 +1.5624e+00
% function evaluation | noise-free fitness - Fopt (2.275200000000e+02) | best noise-free fitness - Fopt | measured fitness | best measured fitness | x1 | x2...
1 +2.432215612e+03 +2.432215612e+03 +2.659735612e+03 +2.659735612e+03 -5.4866e+00 -4.8927e+00
3 +4.079949482e+01 +4.079949482e+01 +2.683194948e+02 +2.683194948e+02 +2.6937e+00 -2.9536e+00
7 +2.455248253e+01 +2.455248253e+01 +2.520724825e+02 +2.520724825e+02 -3.1992e-01 +1.4057e+00
27 +1.545801375e+01 +1.545801375e+01 +2.429780138e+02 +2.429780138e+02 -2.9028e+00 +2.2760e+00
95 +3.192463928e+00 +3.192463928e+00 +2.307124639e+02 +2.307124639e+02 -3.4929e+00 +2.0117e+00
4930 +2.172446435e+00 +2.172446435e+00 +2.296924464e+02 +2.296924464e+02 -2.4633e+00 +2.9101e+00
% function evaluation | noise-free fitness - Fopt (6.370000000000e+00) | best noise-free fitness - Fopt | measured fitness | best measured fitness | x1 | x2...
1 +1.509664849e+03 +1.509664849e+03 +1.516034849e+03 +1.516034849e+03 +5.3771e+00 +2.8575e+00
3 +6.139366635e+01 +6.139366635e+01 +6.776366635e+01 +6.776366635e+01 -1.9439e-01 +4.3508e+00
9 +1.134445956e+01 +1.134445956e+01 +1.771445956e+01 +1.771445956e+01 -2.6701e+00 -1.1101e+00
26 +5.839838338e+00 +5.839838338e+00 +1.220983834e+01 +1.220983834e+01 +1.1559e+00 +1.0527e-01
819 +3.876882705e+00 +3.876882705e+00 +1.024688270e+01 +1.024688270e+01 +1.1847e+00 +2.1873e+00
1439 +1.919104425e+00 +1.919104425e+00 +8.289104425e+00 +8.289104425e+00 +1.5185e+00 +1.8050e+00
4536 +1.445747599e+00 +1.445747599e+00 +7.815747599e+00 +7.815747599e+00 +1.7133e+00 +1.1097e+00
% function evaluation | noise-free fitness - Fopt (-1.082600000000e+02) | best noise-free fitness - Fopt | measured fitness | best measured fitness | x1 | x2...
1 +2.561244279e+01 +2.561244279e+01 -8.264755721e+01 -8.264755721e+01 +2.4566e+00 -3.7476e-01
4 +1.705343915e+01 +1.705343915e+01 -9.120656085e+01 -9.120656085e+01 -3.7911e+00 -3.4547e+00
13 +1.325659004e+01 +1.325659004e+01 -9.500340996e+01 -9.500340996e+01 -2.3470e+00 -2.5199e+00
28 +6.904765822e+00 +6.904765822e+00 -1.013552342e+02 -1.013552342e+02 -1.5191e+00 -2.1354e+00
182 +4.668715660e+00 +4.668715660e+00 -1.035912843e+02 -1.035912843e+02 -2.2959e+00 -3.6376e+00
400 +3.422182359e+00 +3.422182359e+00 -1.048378176e+02 -1.048378176e+02 -2.6040e+00 -1.4461e+00
744 +2.316364124e+00 +2.316364124e+00 -1.059436359e+02 -1.059436359e+02 -3.3852e+00 -2.9411e+00
% function evaluation | noise-free fitness - Fopt (-1.000000000000e+03) | best noise-free fitness - Fopt | measured fitness | best measured fitness | x1 | x2...
1 +2.536348816e+01 +2.536348816e+01 -9.746365118e+02 -9.746365118e+02 -1.7839e+00 +4.0649e+00
2 +1.836199735e+01 +1.836199735e+01 -9.816380026e+02 -9.816380026e+02 +1.7206e+00 -1.4766e+00
5 +1.432351390e+01 +1.432351390e+01 -9.856764861e+02 -9.856764861e+02 -2.3110e+00 +3.0149e+00
61 +9.987535049e+00 +9.987535049e+00 -9.900124650e+02 -9.900124650e+02 -5.0039e-01 +3.8132e-01
243 +3.249490750e+00 +3.249490750e+00 -9.967505093e+02 -9.967505093e+02 -2.9048e+00 +2.1143e+00
1287 +2.344615302e+00 +2.344615302e+00 -9.976553847e+02 -9.976553847e+02 -2.6304e+00 +2.4275e+00
% function evaluation | noise-free fitness - Fopt (-8.434000000000e+01) | best noise-free fitness - Fopt | measured fitness | best measured fitness | x1 | x2...
1 +1.106701795e+04 +1.106701795e+04 +1.098267795e+04 +1.098267795e+04 +6.0505e+00 +1.7642e+00
3 +4.841892425e+01 +4.841892425e+01 -3.592107575e+01 -3.592107575e+01 +1.1264e+00 +2.9564e-01
5 +2.209960086e+01 +2.209960086e+01 -6.224039914e+01 -6.224039914e+01 +2.9141e+00 -2.9474e+00
12 +1.270500564e+01 +1.270500564e+01 -7.163499436e+01 -7.163499436e+01 +3.3106e-01 -2.1930e+00
28 +7.416797862e+00 +7.416797862e+00 -7.692320214e+01 -7.692320214e+01 +1.7985e+00 -4.8278e-01
328 +4.737336928e+00 +4.737336928e+00 -7.960266307e+01 -7.960266307e+01 +1.1060e+00 -1.9891e+00
394 +3.630793598e+00 +3.630793598e+00 -8.070920640e+01 -8.070920640e+01 +3.0958e+00 -2.2439e+00
5083 +2.463099167e+00 +2.463099167e+00 -8.187690083e+01 -8.187690083e+01 +3.2673e+00 -3.1502e+00
% function evaluation | noise-free fitness - Fopt (7.213000000000e+01) | best noise-free fitness - Fopt | measured fitness | best measured fitness | x1 | x2...
1 +3.486404742e+01 +3.486404742e+01 +1.069940474e+02 +1.069940474e+02 +2.9991e+00 -4.9279e+00
4 +1.213731370e+01 +1.213731370e+01 +8.426731370e+01 +8.426731370e+01 -4.0551e+00 -2.5117e+00
147 +8.555943445e+00 +8.555943445e+00 +8.068594345e+01 +8.068594345e+01 -2.7607e+00 -3.1230e+00
509 +6.189847876e+00 +6.189847876e+00 +7.831984788e+01 +7.831984788e+01 -4.0781e+00 -3.1103e+00
656 +7.238216142e-01 +7.238216142e-01 +7.285382161e+01 +7.285382161e+01 +1.0747e+00 +1.0034e+00
% function evaluation | noise-free fitness - Fopt (-1.338000000000e+02) | best noise-free fitness - Fopt | measured fitness | best measured fitness | x1 | x2...
1 +1.085888958e+04 +1.085888958e+04 +1.072508958e+04 +1.072508958e+04 -9.7789e-01 -6.0400e+00
4 +2.522464479e+01 +2.522464479e+01 -1.085753552e+02 -1.085753552e+02 +1.0512e+00 -8.6466e-01
15 +2.300641395e+01 +2.300641395e+01 -1.107935860e+02 -1.107935860e+02 +6.0636e-01 -2.4494e+00
40 +1.163609744e+01 +1.163609744e+01 -1.221639026e+02 -1.221639026e+02 -9.6755e-01 +2.8897e+00
76 +9.587717632e+00 +9.587717632e+00 -1.242122824e+02 -1.242122824e+02 +4.8081e+00 -1.5057e+00
156 +5.037937655e+00 +5.037937655e+00 -1.287620623e+02 -1.287620623e+02 +4.5830e+00 -3.3476e+00
454 +3.672644777e+00 +3.672644777e+00 -1.301273552e+02 -1.301273552e+02 +3.2216e+00 -4.2420e+00
1704 +1.981080056e+00 +1.981080056e+00 -1.318189199e+02 -1.318189199e+02 -1.7581e+00 +1.5411e+00
% function evaluation | noise-free fitness - Fopt (1.955000000000e+01) | best noise-free fitness - Fopt | measured fitness | best measured fitness | x1 | x2...
1 +4.286623094e+01 +4.286623094e+01 +6.241623094e+01 +6.241623094e+01 +2.5746e+00 +4.0032e+00
5 +3.286329402e+01 +3.286329402e+01 +5.241329402e+01 +5.241329402e+01 -1.1267e+00 -1.2268e+00
16 +2.288439266e+01 +2.288439266e+01 +4.243439266e+01 +4.243439266e+01 +2.2403e+00 +1.1563e+00
31 +8.750786626e+00 +8.750786626e+00 +2.830078663e+01 +2.830078663e+01 +2.3147e-01 -3.1321e+00
60 +5.614411242e+00 +5.614411242e+00 +2.516441124e+01 +2.516441124e+01 +1.7609e+00 -2.3654e+00
815 +3.719530850e+00 +3.719530850e+00 +2.326953085e+01 +2.326953085e+01 +3.3117e+00 -2.0070e+00
1967 +1.451470043e+00 +1.451470043e+00 +2.100147004e+01 +2.100147004e+01 -1.3137e+00 +1.7104e+00
46247 +9.724951724e-01 +9.724951724e-01 +2.052249517e+01 +2.052249517e+01 -1.3137e+00 +1.7130e+00
% function evaluation | noise-free fitness - Fopt (-1.307000000000e+01) | best noise-free fitness - Fopt | measured fitness | best measured fitness | x1 | x2...
1 +7.143004482e+01 +7.143004482e+01 +5.836004482e+01 +5.836004482e+01 +4.3392e+00 -3.4181e-01
2 +2.778570670e+01 +2.778570670e+01 +1.471570670e+01 +1.471570670e+01 +2.9004e+00 +2.5458e+00
13 +1.917940432e+01 +1.917940432e+01 +6.109404325e+00 +6.109404325e+00 -1.7648e+00 -1.7491e+00
16 +1.514153014e+01 +1.514153014e+01 +2.071530144e+00 +2.071530144e+00 +7.6008e-01 +3.9294e+00
49 +7.055711724e+00 +7.055711724e+00 -6.014288276e+00 -6.014288276e+00 -2.3181e+00 +3.9729e+00
68 +4.589191145e+00 +4.589191145e+00 -8.480808855e+00 -8.480808855e+00 -2.0310e+00 +4.0360e+00
258 +3.223215649e+00 +3.223215649e+00 -9.846784351e+00 -9.846784351e+00 -3.1333e+00 +3.7719e+00
1616 +2.238156571e+00 +2.238156571e+00 -1.083184343e+01 -1.083184343e+01 -3.3991e+00 +2.6266e+00
% function evaluation | noise-free fitness - Fopt (7.965000000000e+01) | best noise-free fitness - Fopt | measured fitness | best measured fitness | x1 | x2...
1 +1.849161798e+05 +1.849161798e+05 +1.849958298e+05 +1.849958298e+05 -6.9973e+00 +8.8067e+00
4 +7.510794506e+04 +7.510794506e+04 +7.518759506e+04 +7.518759506e+04 -7.7393e+00 +2.4870e+00
5 +1.164026722e+03 +1.164026722e+03 +1.243676722e+03 +1.243676722e+03 +5.3340e+00 -1.6726e+00
8 +2.555041175e+01 +2.555041175e+01 +1.052004117e+02 +1.052004117e+02 -2.7263e+00 -1.6468e+00
11 +1.737349583e+01 +1.737349583e+01 +9.702349583e+01 +9.702349583e+01 -2.8903e+00 -9.0690e-01
48 +1.241519629e+01 +1.241519629e+01 +9.206519629e+01 +9.206519629e+01 -8.8454e-01 -3.7076e+00
71 +9.222021460e+00 +9.222021460e+00 +8.887202146e+01 +8.887202146e+01 -3.2202e+00 -4.3811e+00
89 +3.428300088e+00 +3.428300088e+00 +8.307830009e+01 +8.307830009e+01 -2.3141e+00 -1.6208e+00
1149 +2.234793234e+00 +2.234793234e+00 +8.188479323e+01 +8.188479323e+01 -2.6362e+00 -2.4557e+00
% function evaluation | noise-free fitness - Fopt (1.160000000000e+00) | best noise-free fitness - Fopt | measured fitness | best measured fitness | x1 | x2...
1 +2.842109724e+01 +2.842109724e+01 +2.958109724e+01 +2.958109724e+01 -4.4186e-01 -1.9120e+00
11 +2.058746280e+01 +2.058746280e+01 +2.174746280e+01 +2.174746280e+01 -3.7010e+00 +3.3634e+00
50 +1.556283923e+01 +1.556283923e+01 +1.672283923e+01 +1.672283923e+01 +1.2061e-01 +2.8582e+00
100 +8.446391660e+00 +8.446391660e+00 +9.606391660e+00 +9.606391660e+00 -2.1951e-01 +3.7624e+00
242 +5.896232602e+00 +5.896232602e+00 +7.056232602e+00 +7.056232602e+00 -2.8654e+00 +4.9436e+00
431 +2.054071024e+00 +2.054071024e+00 +3.214071024e+00 +3.214071024e+00 +1.3524e+00 -6.6255e-01
% function evaluation | noise-free fitness - Fopt (2.407100000000e+02) | best noise-free fitness - Fopt | measured fitness | best measured fitness | x1 | x2...
1 +6.443362188e+01 +6.443362188e+01 +3.051436219e+02 +3.051436219e+02 +4.8826e+00 +5.5976e-01
4 +1.264747214e+01 +1.264747214e+01 +2.533574721e+02 +2.533574721e+02 -4.6589e+00 -2.5424e-01
148 +9.197963461e+00 +9.197963461e+00 +2.499079635e+02 +2.499079635e+02 -2.3822e+00 +1.9028e+00
488 +5.494979394e+00 +5.494979394e+00 +2.462049794e+02 +2.462049794e+02 -2.3822e+00 +1.2541e+00
648 +3.978895234e+00 +3.978895234e+00 +2.446888952e+02 +2.446888952e+02 -4.4799e+00 +2.5682e+00
4407 +2.319766100e+00 +2.319766100e+00 +2.430297661e+02 +2.430297661e+02 -3.0104e+00 +2.8646e+00
% function evaluation | noise-free fitness - Fopt (-2.707900000000e+02) | best noise-free fitness - Fopt | measured fitness | best measured fitness | x1 | x2...
1 +5.157534121e+04 +5.157534121e+04 +5.130455121e+04 +5.130455121e+04 -7.2695e+00 -3.3953e+00
2 +1.148226763e+01 +1.148226763e+01 -2.593077324e+02 -2.593077324e+02 +9.1076e-01 +2.4101e-01
3 +5.448477692e+00 +5.448477692e+00 -2.653415223e+02 -2.653415223e+02 +2.4675e+00 -1.8268e+00
37 +3.192818406e+00 +3.192818406e+00 -2.675971816e+02 -2.675971816e+02 +3.8810e+00 -1.9285e+00
265 +8.715751022e-01 +8.715751022e-01 -2.699184249e+02 -2.699184249e+02 -1.0117e+00 +1.3065e+00
% function evaluation | noise-free fitness - Fopt (2.612000000000e+01) | best noise-free fitness - Fopt | measured fitness | best measured fitness | x1 | x2...
1 +8.760389367e+03 +8.760389367e+03 +8.786509367e+03 +8.786509367e+03 +5.9328e+00 +3.0871e+00
4 +2.176809107e+01 +2.176809107e+01 +4.788809107e+01 +4.788809107e+01 -3.2769e+00 +4.7580e+00
7 +1.446743652e+01 +1.446743652e+01 +4.058743652e+01 +4.058743652e+01 +5.1166e-01 -1.4259e+00
38 +9.481335306e+00 +9.481335306e+00 +3.560133531e+01 +3.560133531e+01 -2.7724e+00 +2.2670e+00
86 +3.141720542e+00 +3.141720542e+00 +2.926172054e+01 +2.926172054e+01 +1.4069e+00 -1.2466e+00
282 +9.563555622e-01 +9.563555622e-01 +2.707635556e+01 +2.707635556e+01 +1.2346e+00 -1.4534e+00
113739 +1.201639449e-01 +1.201639449e-01 +2.624016394e+01 +2.624016394e+01 +1.2480e+00 -1.2466e+00
% function evaluation | noise-free fitness - Fopt (-6.252000000000e+01) | best noise-free fitness - Fopt | measured fitness | best measured fitness | x1 | x2...
1 +2.431237088e+04 +2.431237088e+04 +2.424985088e+04 +2.424985088e+04 +1.0142e+00 -6.5578e+00
3 +2.259831024e+01 +2.259831024e+01 -3.992168976e+01 -3.992168976e+01 +1.8884e+00 -3.5519e+00
4 +1.541421233e+01 +1.541421233e+01 -4.710578767e+01 -4.710578767e+01 -1.0604e+00 -4.2600e+00
23 +4.558721366e+00 +4.558721366e+00 -5.796127863e+01 -5.796127863e+01 +4.3844e+00 -2.7407e+00
438 +2.328513591e+00 +2.328513591e+00 -6.019148641e+01 -6.019148641e+01 +2.9578e+00 -2.8290e+00
% function evaluation | noise-free fitness - Fopt (-2.438600000000e+02) | best noise-free fitness - Fopt | measured fitness | best measured fitness | x1 | x2...
1 +4.261591944e+01 +4.261591944e+01 -2.012440806e+02 -2.012440806e+02 -1.3921e+00 +4.0481e+00
2 +3.807776045e+01 +3.807776045e+01 -2.057822395e+02 -2.057822395e+02 +3.4105e+00 +2.9857e+00
4 +1.445016836e+01 +1.445016836e+01 -2.294098316e+02 -2.294098316e+02 -1.5085e+00 -2.5535e+00
82 +9.136513081e+00 +9.136513081e+00 -2.347234869e+02 -2.347234869e+02 -2.1179e+00 -4.2365e+00
109 +3.775205775e+00 +3.775205775e+00 -2.400847942e+02 -2.400847942e+02 -2.5606e+00 -3.9668e+00
973 +2.300554742e+00 +2.300554742e+00 -2.415594453e+02 -2.415594453e+02 -3.1880e+00 -2.3320e+00
% function evaluation | noise-free fitness - Fopt (-9.475000000000e+02) | best noise-free fitness - Fopt | measured fitness | best measured fitness | x1 | x2...
1 +2.146172606e+01 +2.146172606e+01 -9.260382739e+02 -9.260382739e+02 -5.8986e-01 +1.7186e+00
13 +1.093058404e+01 +1.093058404e+01 -9.365694160e+02 -9.365694160e+02 +1.0128e+00 -3.0319e-01
39 +8.128497044e+00 +8.128497044e+00 -9.393715030e+02 -9.393715030e+02 -2.8280e+00 -2.8731e+00
362 +3.405510732e+00 +3.405510732e+00 -9.440944893e+02 -9.440944893e+02 -1.8324e+00 -3.0939e+00
6672 +2.083915879e+00 +2.083915879e+00 -9.454160841e+02 -9.454160841e+02 -2.8119e+00 -2.8773e+00
% function evaluation | noise-free fitness - Fopt (1.198100000000e+02) | best noise-free fitness - Fopt | measured fitness | best measured fitness | x1 | x2...
1 +9.563816969e+04 +9.563816969e+04 +9.575797969e+04 +9.575797969e+04 +6.1315e+00 +7.8757e+00
2 +4.694556373e+01 +4.694556373e+01 +1.667555637e+02 +1.667555637e+02 -3.4260e+00 +4.6859e+00
3 +2.981381640e+01 +2.981381640e+01 +1.496238164e+02 +1.496238164e+02 -8.6892e-01 -1.9034e-01
12 +1.967586768e+01 +1.967586768e+01 +1.394858677e+02 +1.394858677e+02 -1.5002e+00 +1.9369e+00
15 +1.399502366e+01 +1.399502366e+01 +1.338050237e+02 +1.338050237e+02 -2.8451e+00 -3.6227e+00
29 +9.953068894e+00 +9.953068894e+00 +1.297630689e+02 +1.297630689e+02 -6.4205e-01 -4.6514e+00
69 +5.510910978e+00 +5.510910978e+00 +1.253209110e+02 +1.253209110e+02 +1.4980e+00 +2.7171e-01
278 +2.580281372e+00 +2.580281372e+00 +1.223902814e+02 +1.223902814e+02 -3.5660e+00 -2.4445e+00
1006 +1.444924564e+00 +1.444924564e+00 +1.212549246e+02 +1.212549246e+02 +1.5280e+00 +1.6677e+00
2947 +9.510401402e-01 +9.510401402e-01 +1.207610401e+02 +1.207610401e+02 +1.2488e+00 +1.7180e+00
9356 +6.264456251e-01 +6.264456251e-01 +1.204364456e+02 +1.204364456e+02 +1.4116e+00 +1.5953e+00
% function evaluation | noise-free fitness - Fopt (-1.224900000000e+02) | best noise-free fitness - Fopt | measured fitness | best measured fitness | x1 | x2...
1 +2.623727460e+01 +2.623727460e+01 -9.625272540e+01 -9.625272540e+01 -1.7918e-01 +1.9584e+00
8 +2.483901990e+01 +2.483901990e+01 -9.765098010e+01 -9.765098010e+01 -9.6275e-01 +1.6676e+00
13 +1.455930213e+01 +1.455930213e+01 -1.079306979e+02 -1.079306979e+02 -5.0077e+00 -4.5955e+00
66 +8.809931685e+00 +8.809931685e+00 -1.136800683e+02 -1.136800683e+02 -1.4266e+00 -2.8139e+00
238 +5.610263834e+00 +5.610263834e+00 -1.168797362e+02 -1.168797362e+02 -4.1797e+00 -1.7431e+00
679 +3.739274430e+00 +3.739274430e+00 -1.187507256e+02 -1.187507256e+02 -3.7256e+00 -3.0860e+00
1219 +2.483535608e+00 +2.483535608e+00 -1.200064644e+02 -1.200064644e+02 -2.8799e+00 -3.0860e+00
% function evaluation | noise-free fitness - Fopt (1.829000000000e+01) | best noise-free fitness - Fopt | measured fitness | best measured fitness | x1 | x2...
1 +3.379353597e+02 +3.379353597e+02 +3.562253597e+02 +3.562253597e+02 -1.7438e+00 -5.1672e+00
2 +2.697563013e+01 +2.697563013e+01 +4.526563013e+01 +4.526563013e+01 -1.7446e+00 -2.9292e+00
4 +2.374580357e+01 +2.374580357e+01 +4.203580357e+01 +4.203580357e+01 +1.2450e+00 +3.0171e+00
12 +1.377530428e+01 +1.377530428e+01 +3.206530428e+01 +3.206530428e+01 -2.1301e+00 +2.1684e+00
21 +8.677091693e+00 +8.677091693e+00 +2.696709169e+01 +2.696709169e+01 -2.3959e+00 +1.7421e+00
98 +5.539750624e+00 +5.539750624e+00 +2.382975062e+01 +2.382975062e+01 -3.0024e+00 +3.6395e+00
689 +3.087059214e+00 +3.087059214e+00 +2.137705921e+01 +2.137705921e+01 -3.6222e+00 +3.7369e+00
1210 +2.483149446e+00 +2.483149446e+00 +2.077314945e+01 +2.077314945e+01 -3.6009e+00 +3.1923e+00
% function evaluation | noise-free fitness - Fopt (-1.635000000000e+01) | best noise-free fitness - Fopt | measured fitness | best measured fitness | x1 | x2...
1 +3.694659410e+01 +3.694659410e+01 +2.059659410e+01 +2.059659410e+01 +3.3212e-01 +1.2443e-01
7 +1.175361880e+01 +1.175361880e+01 -4.596381199e+00 -4.596381199e+00 +1.9827e-01 +2.8709e+00
19 +8.142350344e+00 +8.142350344e+00 -8.207649656e+00 -8.207649656e+00 -1.2012e+00 -1.9189e+00
374 +4.140010301e+00 +4.140010301e+00 -1.220998970e+01 -1.220998970e+01 +2.2248e+00 +2.0724e+00
434 +3.411120118e+00 +3.411120118e+00 -1.293887988e+01 -1.293887988e+01 +2.4237e+00 +2.5775e+00
1191 +2.467930529e+00 +2.467930529e+00 -1.388206947e+01 -1.388206947e+01 +2.2575e+00 +3.2824e+00
% function evaluation | noise-free fitness - Fopt (6.840000000000e+00) | best noise-free fitness - Fopt | measured fitness | best measured fitness | x1 | x2...
1 +1.303401630e+01 +1.303401630e+01 +1.987401630e+01 +1.987401630e+01 +8.1520e-01 +8.9630e-01
34 +4.026115598e+00 +4.026115598e+00 +1.086611560e+01 +1.086611560e+01 -3.8734e+00 -3.3992e+00
114 +2.920142887e+00 +2.920142887e+00 +9.760142887e+00 +9.760142887e+00 -3.1710e+00 -3.3992e+00
150 +2.052896269e-01 +2.052896269e-01 +7.045289627e+00 +7.045289627e+00 +1.4112e+00 +1.3564e+00
% function evaluation | noise-free fitness - Fopt (-2.068000000000e+01) | best noise-free fitness - Fopt | measured fitness | best measured fitness | x1 | x2...
1 +5.243400977e+01 +5.243400977e+01 +3.175400977e+01 +3.175400977e+01 +3.7196e+00 -3.0006e+00
3 +1.817241728e+01 +1.817241728e+01 -2.507582718e+00 -2.507582718e+00 +3.3083e-01 +9.4193e-01
41 +7.642957186e+00 +7.642957186e+00 -1.303704281e+01 -1.303704281e+01 -1.4466e+00 +2.8786e+00
168 +6.137755054e+00 +6.137755054e+00 -1.454224495e+01 -1.454224495e+01 -3.9802e+00 +2.3926e+00
354 +2.230410471e+00 +2.230410471e+00 -1.844958953e+01 -1.844958953e+01 +1.6242e+00 -9.8635e-01
955 +1.339341236e+00 +1.339341236e+00 -1.934065876e+01 -1.934065876e+01 +1.2246e+00 -1.2712e+00
22395 +7.209619503e-01 +7.209619503e-01 -1.995903805e+01 -1.995903805e+01 +1.2246e+00 -1.4502e+00
% function evaluation | noise-free fitness - Fopt (3.138500000000e+02) | best noise-free fitness - Fopt | measured fitness | best measured fitness | x1 | x2...
1 +7.317720313e+01 +7.317720313e+01 +3.870272031e+02 +3.870272031e+02 +4.8337e+00 +2.4207e+00
2 +5.456351590e+01 +5.456351590e+01 +3.684135159e+02 +3.684135159e+02 +1.5931e+00 -4.0261e+00
3 +1.637735415e+01 +1.637735415e+01 +3.302273541e+02 +3.302273541e+02 +1.3680e-01 +3.7306e+00
16 +1.302142522e+01 +1.302142522e+01 +3.268714252e+02 +3.268714252e+02 -2.0634e+00 -1.1725e+00
145 +6.847654248e+00 +6.847654248e+00 +3.206976542e+02 +3.206976542e+02 -4.5345e+00 +3.8313e+00
439 +3.804304445e+00 +3.804304445e+00 +3.176543044e+02 +3.176543044e+02 +3.4227e-01 -9.3312e-01
2334 +1.762520877e+00 +1.762520877e+00 +3.156125209e+02 +3.156125209e+02 +8.1504e-01 -1.1071e+00
12785 +1.287458040e+00 +1.287458040e+00 +3.151374580e+02 +3.151374580e+02 +1.6445e+00 -8.4432e-01
30877 +4.168431440e-01 +4.168431440e-01 +3.142668431e+02 +3.142668431e+02 +1.4669e+00 -1.3215e+00
% function evaluation | noise-free fitness - Fopt (-1.640200000000e+02) | best noise-free fitness - Fopt | measured fitness | best measured fitness | x1 | x2...
1 +3.760504374e+04 +3.760504374e+04 +3.744102374e+04 +3.744102374e+04 +1.6209e+00 -6.9363e+00
2 +7.437366489e+03 +7.437366489e+03 +7.273346489e+03 +7.273346489e+03 -5.8578e+00 -5.0336e+00
3 +5.358641293e+02 +5.358641293e+02 +3.718441293e+02 +3.718441293e+02 +5.2164e+00 -1.2974e-01
4 +2.794837601e+01 +2.794837601e+01 -1.360716240e+02 -1.360716240e+02 +1.7105e+00 +4.2161e+00
14 +1.143336145e+01 +1.143336145e+01 -1.525866386e+02 -1.525866386e+02 -2.7658e+00 +2.6976e+00
64 +7.448357560e+00 +7.448357560e+00 -1.565716424e+02 -1.565716424e+02 +1.7105e+00 -1.3594e+00
110 +6.668955477e-01 +6.668955477e-01 -1.633531045e+02 -1.633531045e+02 +1.4739e+00 -1.1989e+00
% function evaluation | noise-free fitness - Fopt (-1.000000000000e+03) | best noise-free fitness - Fopt | measured fitness | best measured fitness | x1 | x2...
1 +3.183068273e+04 +3.183068273e+04 +3.083068273e+04 +3.083068273e+04 +6.7828e+00 -3.0158e+00
3 +5.229783164e+01 +5.229783164e+01 -9.477021684e+02 -9.477021684e+02 -4.6168e+00 +2.1740e+00
4 +2.109896434e+01 +2.109896434e+01 -9.789010357e+02 -9.789010357e+02 +3.4742e+00 -3.2750e+00
39 +1.523420986e+01 +1.523420986e+01 -9.847657901e+02 -9.847657901e+02 +9.2629e-02 -4.0081e+00
62 +6.860197750e+00 +6.860197750e+00 -9.931398022e+02 -9.931398022e+02 +2.3634e+00 -3.1961e+00
124 +3.501342471e+00 +3.501342471e+00 -9.964986575e+02 -9.964986575e+02 -9.3607e-01 +1.7418e+00
5024 +2.417276270e+00 +2.417276270e+00 -9.975827237e+02 -9.975827237e+02 +3.2991e+00 -2.5451e+00
% function evaluation | noise-free fitness - Fopt (-1.001300000000e+02) | best noise-free fitness - Fopt | measured fitness | best measured fitness | x1 | x2...
1 +4.045458327e+01 +4.045458327e+01 -5.967541673e+01 -5.967541673e+01 +7.3112e-01 +2.3528e+00
6 +1.623758757e+01 +1.623758757e+01 -8.389241243e+01 -8.389241243e+01 +4.7632e+00 -1.7859e+00
13 +1.304272103e+01 +1.304272103e+01 -8.708727897e+01 -8.708727897e+01 +3.4629e+00 -3.2203e+00
33 +9.287400584e+00 +9.287400584e+00 -9.084259942e+01 -9.084259942e+01 +8.7218e-01 -3.2203e+00
124 +5.718082264e+00 +5.718082264e+00 -9.441191774e+01 -9.441191774e+01 +3.0769e+00 -1.0660e+00
172 +3.021554045e+00 +3.021554045e+00 -9.710844595e+01 -9.710844595e+01 +3.0786e+00 -3.9713e+00
5526 +2.271687027e+00 +2.271687027e+00 -9.785831297e+01 -9.785831297e+01 +3.3949e+00 -2.6241e+00
% function evaluation | noise-free fitness - Fopt (-3.085000000000e+01) | best noise-free fitness - Fopt | measured fitness | best measured fitness | x1 | x2...
1 +1.505138117e+01 +1.505138117e+01 -1.579861883e+01 -1.579861883e+01 -2.2594e+00 +1.4966e+00
104 +4.128555155e+00 +4.128555155e+00 -2.672144484e+01 -2.672144484e+01 +4.5683e+00 -2.8731e+00
286 +2.558929291e+00 +2.558929291e+00 -2.829107071e+01 -2.829107071e+01 +3.4141e+00 -2.5913e+00
1247 +2.432882546e+00 +2.432882546e+00 -2.841711745e+01 -2.841711745e+01 +2.2407e+00 -3.1130e+00
2223 +1.359508719e+00 +1.359508719e+00 -2.949049128e+01 -2.949049128e+01 -1.2209e+00 +7.2076e-01
% function evaluation | noise-free fitness - Fopt (-9.200000000000e+00) | best noise-free fitness - Fopt | measured fitness | best measured fitness | x1 | x2...
1 +9.908287158e+04 +9.908287158e+04 +9.907367158e+04 +9.907367158e+04 -7.6896e+00 +6.6345e+00
3 +2.852971121e+03 +2.852971121e+03 +2.843771121e+03 +2.843771121e+03 -5.5307e+00 +1.7039e+00
4 +9.466225672e+00 +9.466225672e+00 +2.662256720e-01 +2.662256720e-01 -2.3224e+00 -4.0648e-01
98 +5.533794925e+00 +5.533794925e+00 -3.666205075e+00 -3.666205075e+00 -1.2005e+00 +2.2865e+00
557 +3.318231007e+00 +3.318231007e+00 -5.881768993e+00 -5.881768993e+00 +1.2179e+00 -2.0310e+00
4277 +2.221334301e+00 +2.221334301e+00 -6.978665699e+00 -6.978665699e+00 -3.4400e+00 +3.1908e+00
% function evaluation | noise-free fitness - Fopt (-2.037600000000e+02) | best noise-free fitness - Fopt | measured fitness | best measured fitness | x1 | x2...
1 +1.356677056e+01 +1.356677056e+01 -1.901932294e+02 -1.901932294e+02 -2.6021e+00 -1.4169e+00
15 +4.159067184e+00 +4.159067184e+00 -1.996009328e+02 -1.996009328e+02 +2.2154e+00 +3.9225e+00
177 +3.367751848e+00 +3.367751848e+00 -2.003922482e+02 -2.003922482e+02 +3.2392e+00 +3.0131e+00
1898 +2.235226051e+00 +2.235226051e+00 -2.015247739e+02 -2.015247739e+02 +2.6824e+00 +2.7775e+00
% function evaluation | noise-free fitness - Fopt (3.399000000000e+01) | best noise-free fitness - Fopt | measured fitness | best measured fitness | x1 | x2...
1 +8.262344996e+00 +8.262344996e+00 +4.225234500e+01 +4.225234500e+01 +1.2257e+00 -4.1685e-03
169 +6.079185323e+00 +6.079185323e+00 +4.006918532e+01 +4.006918532e+01 -1.5574e+00 +2.4626e+00
947 +2.485047636e+00 +2.485047636e+00 +3.647504764e+01 +3.647504764e+01 -2.7937e+00 +2.2898e+00
% function evaluation | noise-free fitness - Fopt (-1.000000000000e+03) | best noise-free fitness - Fopt | measured fitness | best measured fitness | x1 | x2...
1 +2.937630363e+01 +2.937630363e+01 -9.706236964e+02 -9.706236964e+02 +8.7237e-01 -3.6332e+00
16 +9.115084136e+00 +9.115084136e+00 -9.908849159e+02 -9.908849159e+02 -1.6703e+00 -2.1708e+00
153 +3.636302048e+00 +3.636302048e+00 -9.963636980e+02 -9.963636980e+02 -3.5453e+00 -1.5306e+00
2267 +1.755060839e+00 +1.755060839e+00 -9.982449392e+02 -9.982449392e+02 +1.2147e+00 +1.7451e+00
% function evaluation | noise-free fitness - Fopt (-1.000000000000e+03) | best noise-free fitness - Fopt | measured fitness | best measured fitness | x1 | x2...
1 +2.132614868e+05 +2.132614868e+05 +2.122614868e+05 +2.122614868e+05 -8.9657e+00 -7.3649e+00
2 +6.083517118e+04 +6.083517118e+04 +5.983517118e+04 +5.983517118e+04 +7.4644e+00 +3.8306e+00
3 +2.524179870e+03 +2.524179870e+03 +1.524179870e+03 +1.524179870e+03 +8.8628e-01 +5.4955e+00
4 +1.327514970e+01 +1.327514970e+01 -9.867248503e+02 -9.867248503e+02 -4.5337e-01 -1.0242e+00
21 +4.237814000e+00 +4.237814000e+00 -9.957621860e+02 -9.957621860e+02 -4.6196e+00 -2.7778e+00
31 +2.636759144e+00 +2.636759144e+00 -9.973632409e+02 -9.973632409e+02 -2.5285e+00 -2.9392e+00
1720 +2.240865356e+00 +2.240865356e+00 -9.977591346e+02 -9.977591346e+02 -3.0211e+00 -3.0218e+00
% function evaluation | noise-free fitness - Fopt (-1.272000000000e+01) | best noise-free fitness - Fopt | measured fitness | best measured fitness | x1 | x2...
1 +9.460326180e+04 +9.460326180e+04 +9.459054180e+04 +9.459054180e+04 +5.3489e+00 -8.0545e+00
2 +3.195923725e+01 +3.195923725e+01 +1.923923725e+01 +1.923923725e+01 -3.4347e+00 +1.4187e+00
5 +1.592552509e+01 +1.592552509e+01 +3.205525093e+00 +3.205525093e+00 +1.0392e+00 -5.4880e-01
29 +1.395419596e+01 +1.395419596e+01 +1.234195961e+00 +1.234195961e+00 -2.9083e+00 -3.0759e+00
145 +9.161239697e+00 +9.161239697e+00 -3.558760303e+00 -3.558760303e+00 -3.4842e+00 -7.7102e-01
194 +2.909392463e+00 +2.909392463e+00 -9.810607537e+00 -9.810607537e+00 -3.6816e+00 -3.6229e+00
621 +2.506786745e+00 +2.506786745e+00 -1.021321325e+01 -1.021321325e+01 +1.7462e+00 +1.3725e+00
% function evaluation | noise-free fitness - Fopt (-5.954000000000e+01) | best noise-free fitness - Fopt | measured fitness | best measured fitness | x1 | x2...
1 +3.698280002e+01 +3.698280002e+01 -2.255719998e+01 -2.255719998e+01 +4.7348e+00 -2.2100e+00
8 +1.434951152e+01 +1.434951152e+01 -4.519048848e+01 -4.519048848e+01 +1.2388e+00 +3.1181e+00
50 +9.134068351e+00 +9.134068351e+00 -5.040593165e+01 -5.040593165e+01 -1.0822e+00 -2.4039e-01
183 +5.838721683e+00 +5.838721683e+00 -5.370127832e+01 -5.370127832e+01 +1.3836e+00 +2.1290e+00
231 +3.892909848e+00 +3.892909848e+00 -5.564709015e+01 -5.564709015e+01 +3.4995e+00 +1.9023e+00
450 +1.632458500e+00 +1.632458500e+00 -5.790754150e+01 -5.790754150e+01 -1.0822e+00 -1.1328e+00
31202 +1.216213878e+00 +1.216213878e+00 -5.832378612e+01 -5.832378612e+01 -1.1556e+00 -1.7830e+00
% function evaluation | noise-free fitness - Fopt (-1.000000000000e+03) | best noise-free fitness - Fopt | measured fitness | best measured fitness | x1 | x2...
1 +6.383712885e+01 +6.383712885e+01 -9.361628712e+02 -9.361628712e+02 -3.0904e+00 -3.1601e+00
3 +1.267541739e+01 +1.267541739e+01 -9.873245826e+02 -9.873245826e+02 -1.5030e+00 +2.6413e+00
53 +4.475029900e+00 +4.475029900e+00 -9.955249701e+02 -9.955249701e+02 +3.2491e+00 -4.5763e+00
258 +3.495532060e+00 +3.495532060e+00 -9.965044679e+02 -9.965044679e+02 +2.9164e+00 -1.7080e+00
1214 +2.300776137e+00 +2.300776137e+00 -9.976992239e+02 -9.976992239e+02 +2.4752e+00 -2.4115e+00
% function evaluation | noise-free fitness - Fopt (4.303000000000e+01) | best noise-free fitness - Fopt | measured fitness | best measured fitness | x1 | x2...
1 +1.272273496e+05 +1.272273496e+05 +1.272703796e+05 +1.272703796e+05 -7.8670e+00 +7.1211e+00
2 +2.869791106e+01 +2.869791106e+01 +7.172791106e+01 +7.172791106e+01 -4.8882e+00 +1.7003e+00
3 +2.407877429e+01 +2.407877429e+01 +6.710877429e+01 +6.710877429e+01 -1.9208e+00 +4.1401e+00
22 +4.708112317e+00 +4.708112317e+00 +4.773811232e+01 +4.773811232e+01 -2.4743e+00 +2.1278e+00
191 +3.054643242e+00 +3.054643242e+00 +4.608464324e+01 +4.608464324e+01 +1.3555e+00 -1.4781e+00
690 +2.130588567e+00 +2.130588567e+00 +4.516058857e+01 +4.516058857e+01 -2.6474e+00 +3.1527e+00
2923 +1.176146841e+00 +1.176146841e+00 +4.420614684e+01 +4.420614684e+01 +1.5616e+00 -1.2045e+00
% function evaluation | noise-free fitness - Fopt (-6.139000000000e+01) | best noise-free fitness - Fopt | measured fitness | best measured fitness | x1 | x2...
1 +5.473674146e+00 +5.473674146e+00 -5.591632585e+01 -5.591632585e+01 -3.7028e+00 -1.3187e+00
481 +3.727699452e+00 +3.727699452e+00 -5.766230055e+01 -5.766230055e+01 -3.6768e+00 -2.3099e+00
1143 +2.318020156e+00 +2.318020156e+00 -5.907197984e+01 -5.907197984e+01 -2.4160e+00 -3.1642e+00
% function evaluation | noise-free fitness - Fopt (7.340900000000e+02) | best noise-free fitness - Fopt | measured fitness | best measured fitness | x1 | x2...
1 +2.498070167e+05 +2.498070167e+05 +2.505411067e+05 +2.505411067e+05 -4.9674e+00 +9.9967e+00
2 +1.297708670e+05 +1.297708670e+05 +1.305049570e+05 +1.305049570e+05 +2.4705e-01 +8.6007e+00
3 +2.725102525e+01 +2.725102525e+01 +7.613410252e+02 +7.613410252e+02 -4.7527e+00 -3.8926e-01
6 +1.238886901e+01 +1.238886901e+01 +7.464788690e+02 +7.464788690e+02 -9.4642e-01 -7.4463e-01
19 +7.346028548e+00 +7.346028548e+00 +7.414360285e+02 +7.414360285e+02 +1.7174e+00 +8.5033e-01
324 +5.242346956e+00 +5.242346956e+00 +7.393323470e+02 +7.393323470e+02 -3.0017e+00 -4.7084e+00
458 +1.791358297e+00 +1.791358297e+00 +7.358813583e+02 +7.358813583e+02 +8.0174e-01 +1.4275e+00
2226 +1.161142760e+00 +1.161142760e+00 +7.352511428e+02 +7.352511428e+02 +8.6261e-01 +1.5690e+00
% function evaluation | noise-free fitness - Fopt (2.190600000000e+02) | best noise-free fitness - Fopt | measured fitness | best measured fitness | x1 | x2...
1 +7.518630733e+04 +7.518630733e+04 +7.540536733e+04 +7.540536733e+04 +7.7412e+00 +1.1662e+00
3 +2.620727127e+01 +2.620727127e+01 +2.452672713e+02 +2.452672713e+02 +3.8283e+00 +2.3192e+00
4 +2.481724129e+01 +2.481724129e+01 +2.438772413e+02 +2.438772413e+02 +2.7872e+00 +1.4201e+00
18 +9.558432881e+00 +9.558432881e+00 +2.286184329e+02 +2.286184329e+02 -2.3369e+00 +2.2600e+00
97 +5.050319840e+00 +5.050319840e+00 +2.241103198e+02 +2.241103198e+02 -1.3864e+00 +1.4809e+00
1453 +3.890090880e+00 +3.890090880e+00 +2.229500909e+02 +2.229500909e+02 +3.9478e+00 -4.2020e+00
2254 +1.697892530e+00 +1.697892530e+00 +2.207578925e+02 +2.207578925e+02 -1.3860e+00 +9.2875e-01
3259 +9.332425561e-01 +9.332425561e-01 +2.199932426e+02 +2.199932426e+02 -1.2278e+00 +1.2237e+00
% function evaluation | noise-free fitness - Fopt (1.504200000000e+02) | best noise-free fitness - Fopt | measured fitness | best measured fitness | x1 | x2...
1 +1.234520657e+04 +1.234520657e+04 +1.249562657e+04 +1.249562657e+04 -6.1087e+00 -1.7616e+00
2 +2.955608114e+01 +2.955608114e+01 +1.799760811e+02 +1.799760811e+02 -6.0634e-02 +1.0979e+00
6 +1.629090453e+01 +1.629090453e+01 +1.667109045e+02 +1.667109045e+02 -4.0244e+00 +1.3448e+00
21 +8.309811278e+00 +8.309811278e+00 +1.587298113e+02 +1.587298113e+02 -3.1878e+00 +1.4677e+00
288 +4.808323723e+00 +4.808323723e+00 +1.552283237e+02 +1.552283237e+02 -4.5600e+00 +1.9413e+00
375 +3.219350446e+00 +3.219350446e+00 +1.536393504e+02 +1.536393504e+02 -2.2307e+00 +3.5092e+00
604 +1.922671802e+00 +1.922671802e+00 +1.523426718e+02 +1.523426718e+02 +1.3031e+00 -7.4838e-01
% function evaluation | noise-free fitness - Fopt (-1.547400000000e+02) | best noise-free fitness - Fopt | measured fitness | best measured fitness | x1 | x2...
1 +1.200978527e+04 +1.200978527e+04 +1.185504527e+04 +1.185504527e+04 +8.9487e-01 -6.0918e+00
2 +5.136189364e+01 +5.136189364e+01 -1.033781064e+02 -1.033781064e+02 -4.0221e+00 +2.6286e+00
7 +2.702342320e+01 +2.702342320e+01 -1.277165768e+02 -1.277165768e+02 +4.7820e+00 -4.7392e-02
18 +1.829567656e+01 +1.829567656e+01 -1.364443234e+02 -1.364443234e+02 +4.5821e+00 +4.0909e+00
31 +1.504954112e+01 +1.504954112e+01 -1.396904589e+02 -1.396904589e+02 +1.3239e+00 +4.1235e+00
245 +7.220951614e+00 +7.220951614e+00 -1.475190484e+02 -1.475190484e+02 +1.9802e+00 +2.1882e+00
343 +5.506631102e+00 +5.506631102e+00 -1.492333689e+02 -1.492333689e+02 +3.7710e+00 +1.7883e+00
974 +1.295033271e+00 +1.295033271e+00 -1.534449667e+02 -1.534449667e+02 -1.5643e+00 -1.2650e+00
% function evaluation | noise-free fitness - Fopt (-2.032100000000e+02) | best noise-free fitness - Fopt | measured fitness | best measured fitness | x1 | x2...
1 +6.291696887e+04 +6.291696887e+04 +6.271375887e+04 +6.271375887e+04 +7.5074e+00 +2.6910e+00
3 +3.448463269e+04 +3.448463269e+04 +3.428142269e+04 +3.428142269e+04 -6.8547e+00 -3.1363e-01
5 +3.080275241e+01 +3.080275241e+01 -1.724072476e+02 -1.724072476e+02 -3.1696e+00 -4.5153e+00
12 +2.256203203e+01 +2.256203203e+01 -1.806479680e+02 -1.806479680e+02 +2.5176e+00 -3.0834e+00
30 +1.489398442e+01 +1.489398442e+01 -1.883160156e+02 -1.883160156e+02 +1.7228e+00 -2.0708e+00
53 +5.145570588e+00 +5.145570588e+00 -1.980644294e+02 -1.980644294e+02 +1.5095e+00 -3.0792e+00
288 +1.556120248e+00 +1.556120248e+00 -2.016538798e+02 -2.016538798e+02 -1.1090e+00 +1.4525e+00
7328 +9.114663391e-01 +9.114663391e-01 -2.022985337e+02 -2.022985337e+02 -8.9133e-01 +1.4525e+00
% function evaluation | noise-free fitness - Fopt (1.000000000000e+03) | best noise-free fitness - Fopt | measured fitness | best measured fitness | x1 | x2...
1 +2.629473063e+01 +2.629473063e+01 +1.026294731e+03 +1.026294731e+03 +4.9429e+00 +1.6076e+00
15 +1.171839915e+01 +1.171839915e+01 +1.011718399e+03 +1.011718399e+03 +1.8047e+00 +2.1860e+00
33 +5.464262196e+00 +5.464262196e+00 +1.005464262e+03 +1.005464262e+03 +3.5598e+00 +1.7055e+00
65 +3.902488832e+00 +3.902488832e+00 +1.003902489e+03 +1.003902489e+03 +2.1115e+00 +2.3823e+00
452 +2.159391014e+00 +2.159391014e+00 +1.002159391e+03 +1.002159391e+03 +2.6644e+00 +2.6401e+00
% function evaluation | noise-free fitness - Fopt (8.633000000000e+01) | best noise-free fitness - Fopt | measured fitness | best measured fitness | x1 | x2...
1 +5.155615543e+04 +5.155615543e+04 +5.164248543e+04 +5.164248543e+04 +6.4000e+00 +6.7838e+00
2 +1.049703261e+01 +1.049703261e+01 +9.682703261e+01 +9.682703261e+01 -3.1091e+00 -5.2312e-01
6 +7.766311519e+00 +7.766311519e+00 +9.409631152e+01 +9.409631152e+01 +4.4162e-01 +1.4617e-01
142 +4.837924221e+00 +4.837924221e+00 +9.116792422e+01 +9.116792422e+01 -2.9963e+00 -4.8365e+00
1362 +3.609233324e+00 +3.609233324e+00 +8.993923332e+01 +8.993923332e+01 +1.7115e+00 +7.7463e-01
1793 +1.434466782e+00 +1.434466782e+00 +8.776446678e+01 +8.776446678e+01 +1.7686e+00 +1.5375e+00
% function evaluation | noise-free fitness - Fopt (1.905300000000e+02) | best noise-free fitness - Fopt | measured fitness | best measured fitness | x1 | x2...
1 +5.185378386e+04 +5.185378386e+04 +5.204431386e+04 +5.204431386e+04 +1.7385e+00 +7.2753e+00
3 +8.720940629e+03 +8.720940629e+03 +8.911470629e+03 +8.911470629e+03 +5.9329e+00 -9.3114e-01
4 +3.669148637e+01 +3.669148637e+01 +2.272214864e+02 +2.272214864e+02 +5.9621e-01 -3.4748e+00
21 +1.590270592e+01 +1.590270592e+01 +2.064327059e+02 +2.064327059e+02 +1.8820e+00 -2.8394e+00
24 +1.487720041e+01 +1.487720041e+01 +2.054072004e+02 +2.054072004e+02 +3.4781e+00 +1.7531e-01
104 +4.703736140e+00 +4.703736140e+00 +1.952337361e+02 +1.952337361e+02 +1.4889e+00 -3.9875e+00
620 +3.757684253e+00 +3.757684253e+00 +1.942876843e+02 +1.942876843e+02 +3.8994e+00 -1.6025e+00
1930 +2.324701011e+00 +2.324701011e+00 +1.928547010e+02 +1.928547010e+02 +2.5123e+00 -2.5018e+00
% function evaluation | noise-free fitness - Fopt (3.178000000000e+01) | best noise-free fitness - Fopt | measured fitness | best measured fitness | x1 | x2...
1 +3.399265282e+04 +3.399265282e+04 +3.402443282e+04 +3.402443282e+04 +4.4419e+00 +6.8415e+00
2 +1.010438293e+02 +1.010438293e+02 +1.328238293e+02 +1.328238293e+02 -4.7629e+00 +3.2474e+00
3 +2.235360087e+01 +2.235360087e+01 +5.413360087e+01 +5.413360087e+01 -2.3525e+00 -2.5615e+00
21 +1.440832545e+01 +1.440832545e+01 +4.618832545e+01 +4.618832545e+01 +3.4792e-02 -2.8781e-01
68 +8.873257422e+00 +8.873257422e+00 +4.065325742e+01 +4.065325742e+01 +3.7959e+00 -1.7850e-01
142 +3.753503850e+00 +3.753503850e+00 +3.553350385e+01 +3.553350385e+01 +3.7665e+00 -1.6758e+00
870 +1.507324317e+00 +1.507324317e+00 +3.328732432e+01 +3.328732432e+01 -1.0172e+00 +1.2183e+00
1570 +5.809696855e-01 +5.809696855e-01 +3.236096969e+01 +3.236096969e+01 -1.4718e+00 +1.2917e+00
% function evaluation | noise-free fitness - Fopt (1.741400000000e+02) | best noise-free fitness - Fopt | measured fitness | best measured fitness | x1 | x2...
1 +3.788080930e+05 +3.788080930e+05 +3.789822330e+05 +3.789822330e+05 -1.0601e+01 -7.5474e+00
2 +2.042018344e+01 +2.042018344e+01 +1.945601834e+02 +1.945601834e+02 +8.6820e-01 +5.3032e-01
21 +6.892492956e+00 +6.892492956e+00 +1.810324930e+02 +1.810324930e+02 +1.0422e+00 +3.7138e+00
66 +3.639149998e+00 +3.639149998e+00 +1.777791500e+02 +1.777791500e+02 +4.2497e+00 +3.6152e+00
2881 +2.425852529e+00 +2.425852529e+00 +1.765658525e+02 +1.765658525e+02 -1.1481e+00 -1.7776e+00
3148 +7.282920167e-01 +7.282920167e-01 +1.748682920e+02 +1.748682920e+02 -1.3886e+00 -1.0360e+00
% function evaluation | noise-free fitness - Fopt (1.496600000000e+02) | best noise-free fitness - Fopt | measured fitness | best measured fitness | x1 | x2...
1 +4.007258229e+01 +4.007258229e+01 +1.897325823e+02 +1.897325823e+02 +6.2373e-01 -5.7212e-01
5 +3.635137840e+01 +3.635137840e+01 +1.860113784e+02 +1.860113784e+02 +4.8037e+00 +1.5826e+00
7 +2.355676699e+01 +2.355676699e+01 +1.732167670e+02 +1.732167670e+02 -8.0516e-01 -4.9899e-01
10 +4.594080351e+00 +4.594080351e+00 +1.542540804e+02 +1.542540804e+02 +4.7794e+00 +3.2653e+00
376 +3.231821925e+00 +3.231821925e+00 +1.528918219e+02 +1.528918219e+02 +2.4363e+00 +1.7982e+00
1411 +2.387815805e+00 +2.387815805e+00 +1.520478158e+02 +1.520478158e+02 +2.4773e+00 +3.3819e+00
% function evaluation | noise-free fitness - Fopt (-4.425600000000e+02) | best noise-free fitness - Fopt | measured fitness | best measured fitness | x1 | x2...
1 +2.418267288e+01 +2.418267288e+01 -4.183773271e+02 -4.183773271e+02 +1.3826e+00 +2.6742e-01
37 +1.542726207e+01 +1.542726207e+01 -4.271327379e+02 -4.271327379e+02 +4.0322e-01 +3.6224e+00
63 +4.213596246e+00 +4.213596246e+00 -4.383464038e+02 -4.383464038e+02 +2.2775e+00 +2.8947e+00
169 +2.576043182e+00 +2.576043182e+00 -4.399839568e+02 -4.399839568e+02 +2.7904e+00 +3.4757e+00
484 +2.505305126e+00 +2.505305126e+00 -4.400546949e+02 -4.400546949e+02 +2.5425e+00 +2.5460e+00
% function evaluation | noise-free fitness - Fopt (1.583000000000e+01) | best noise-free fitness - Fopt | measured fitness | best measured fitness | x1 | x2...
1 +7.859167129e+03 +7.859167129e+03 +7.874997129e+03 +7.874997129e+03 -5.8843e+00 +4.8682e-01
2 +3.379437292e+03 +3.379437292e+03 +3.395267292e+03 +3.395267292e+03 -4.5555e+00 -5.5793e+00
3 +2.905978420e+01 +2.905978420e+01 +4.488978420e+01 +4.488978420e+01 -9.8539e-01 -4.6428e+00
17 +2.101806486e+01 +2.101806486e+01 +3.684806486e+01 +3.684806486e+01 +7.6919e-01 -2.2389e+00
25 +5.477413776e+00 +5.477413776e+00 +2.130741378e+01 +2.130741378e+01 -4.7788e+00 -2.1547e+00
773 +3.303567546e+00 +3.303567546e+00 +1.913356755e+01 +1.913356755e+01 -3.2949e+00 -1.7954e+00
3121 +1.730421825e+00 +1.730421825e+00 +1.756042183e+01 +1.756042183e+01 +1.8243e+00 +1.2421e+00
4847 +1.082416912e+00 +1.082416912e+00 +1.691241691e+01 +1.691241691e+01 +1.4572e+00 +1.7060e+00
% function evaluation | noise-free fitness - Fopt (-9.371200000000e+02) | best noise-free fitness - Fopt | measured fitness | best measured fitness | x1 | x2...
1 +2.877100755e+01 +2.877100755e+01 -9.083489924e+02 -9.083489924e+02 +1.4839e+00 -5.2233e-01
14 +1.168487572e+01 +1.168487572e+01 -9.254351243e+02 -9.254351243e+02 -1.8573e-01 -1.9100e+00
15 +5.924911744e+00 +5.924911744e+00 -9.311950883e+02 -9.311950883e+02 -2.5247e+00 -3.9905e+00
346 +3.650324777e+00 +3.650324777e+00 -9.334696752e+02 -9.334696752e+02 -2.2592e+00 -1.6250e+00
556 +2.461813928e+00 +2.461813928e+00 -9.346581861e+02 -9.346581861e+02 -3.0552e+00 -2.8024e+00
% function evaluation | noise-free fitness - Fopt (-1.553000000000e+01) | best noise-free fitness - Fopt | measured fitness | best measured fitness | x1 | x2...
1 +8.937305488e+04 +8.937305488e+04 +8.935752488e+04 +8.935752488e+04 +7.9889e+00 +1.3351e+00
3 +4.645760638e+01 +4.645760638e+01 +3.092760638e+01 +3.092760638e+01 +3.5896e+00 -2.7572e+00
5 +1.792040485e+01 +1.792040485e+01 +2.390404851e+00 +2.390404851e+00 +1.5758e+00 +1.4950e+00
76 +1.487843492e+01 +1.487843492e+01 -6.515650850e-01 -6.515650850e-01 -1.9656e+00 -2.4710e+00
144 +8.729441070e+00 +8.729441070e+00 -6.800558930e+00 -6.800558930e+00 -1.6554e-01 +2.5793e+00
165 +4.394825290e+00 +4.394825290e+00 -1.113517471e+01 -1.113517471e+01 +3.7667e+00 +1.8537e+00
188 +3.754084720e+00 +3.754084720e+00 -1.177591528e+01 -1.177591528e+01 -1.2178e+00 -6.9503e-01
1979 +2.122262609e+00 +2.122262609e+00 -1.340773739e+01 -1.340773739e+01 -1.2155e+00 -6.8954e-01
% function evaluation | noise-free fitness - Fopt (1.568800000000e+02) | best noise-free fitness - Fopt | measured fitness | best measured fitness | x1 | x2...
1 +2.232186175e+04 +2.232186175e+04 +2.247874175e+04 +2.247874175e+04 -6.4897e+00 -4.6386e+00
2 +1.873883959e+01 +1.873883959e+01 +1.756188396e+02 +1.756188396e+02 +4.9964e+00 +2.0509e+00
27 +1.164856980e+01 +1.164856980e+01 +1.685285698e+02 +1.685285698e+02 -2.0386e+00 -2.5805e+00
29 +9.738925269e+00 +9.738925269e+00 +1.666189253e+02 +1.666189253e+02 +1.0605e+00 +3.8329e-01
142 +3.127586336e+00 +3.127586336e+00 +1.600075863e+02 +1.600075863e+02 +2.9188e+00 +3.5912e+00
2934 +2.420449755e+00 +2.420449755e+00 +1.593004498e+02 +1.593004498e+02 +3.0251e+00 +2.6392e+00
% function evaluation | noise-free fitness - Fopt (-5.710000000000e+00) | best noise-free fitness - Fopt | measured fitness | best measured fitness | x1 | x2...
1 +1.666045218e+01 +1.666045218e+01 +1.095045218e+01 +1.095045218e+01 -1.7945e+00 +2.8823e+00
5 +1.371015993e+01 +1.371015993e+01 +8.000159933e+00 +8.000159933e+00 -2.7958e+00 +1.9506e+00
143 +7.240876704e+00 +7.240876704e+00 +1.530876704e+00 +1.530876704e+00 -1.6775e+00 +8.9409e-01
204 +2.514934705e+00 +2.514934705e+00 -3.195065295e+00 -3.195065295e+00 -3.1833e+00 +3.3816e+00
2689 +2.449623067e+00 +2.449623067e+00 -3.260376933e+00 -3.260376933e+00 -2.9899e+00 +3.7683e+00
% function evaluation | noise-free fitness - Fopt (2.413000000000e+01) | best noise-free fitness - Fopt | measured fitness | best measured fitness | x1 | x2...
1 +1.882814749e+05 +1.882814749e+05 +1.883056049e+05 +1.883056049e+05 -7.8882e+00 -8.2360e+00
2 +2.344466633e+04 +2.344466633e+04 +2.346879633e+04 +2.346879633e+04 +6.5299e+00 +1.1003e+00
6 +3.697165540e+01 +3.697165540e+01 +6.110165540e+01 +6.110165540e+01 -1.0909e+00 +3.6806e+00
11 +2.423983888e+01 +2.423983888e+01 +4.836983888e+01 +4.836983888e+01 +2.1888e+00 +4.9363e+00
49 +1.486636628e+01 +1.486636628e+01 +3.899636628e+01 +3.899636628e+01 +5.4462e-01 -1.6114e-01
63 +8.494129610e+00 +8.494129610e+00 +3.262412961e+01 +3.262412961e+01 +2.4196e+00 +4.6008e-01
91 +2.836057471e+00 +2.836057471e+00 +2.696605747e+01 +2.696605747e+01 +3.4305e+00 +3.7027e+00
2373 +2.403359047e+00 +2.403359047e+00 +2.653335905e+01 +2.653335905e+01 +3.6028e+00 +3.2724e+00
% function evaluation | noise-free fitness - Fopt (-5.837000000000e+02) | best noise-free fitness - Fopt | measured fitness | best measured fitness | x1 | x2...
1 +7.589744824e+04 +7.589744824e+04 +7.531374824e+04 +7.531374824e+04 +7.5543e-02 +7.7531e+00
2 +1.246601515e+04 +1.246601515e+04 +1.188231515e+04 +1.188231515e+04 -6.1149e+00 -4.6197e+00
4 +4.178514904e+01 +4.178514904e+01 -5.419148510e+02 -5.419148510e+02 -6.4876e-01 -1.9135e+00
9 +3.351219846e+01 +3.351219846e+01 -5.501878015e+02 -5.501878015e+02 +1.1456e+00 -4.2814e+00
11 +1.807843802e+01 +1.807843802e+01 -5.656215620e+02 -5.656215620e+02 -1.8831e-02 -2.9670e+00
29 +1.398315359e+01 +1.398315359e+01 -5.697168464e+02 -5.697168464e+02 -4.5202e+00 -4.4719e+00
102 +4.696794744e+00 +4.696794744e+00 -5.790032053e+02 -5.790032053e+02 -4.9895e+00 -2.8895e+00
345 +3.574284642e+00 +3.574284642e+00 -5.801257154e+02 -5.801257154e+02 -3.4442e+00 -3.6448e+00
3239 +2.484895285e+00 +2.484895285e+00 -5.812151047e+02 -5.812151047e+02 -2.3770e+00 -2.7669e+00
