% function evaluation | noise-free fitness - Fopt (1.026100000000e+02) | best noise-free fitness - Fopt | measured fitness | best measured fitness | x1 | x2...
1 +1.567050223e+01 +1.567050223e+01 +1.182805022e+02 +1.182805022e+02 +2.1229e+00 -3.8608e+00
94 +8.285081610e+00 +8.285081610e+00 +1.108950816e+02 +1.108950816e+02 +1.3748e+00 -2.4427e+00
117 +6.173818572e+00 +6.173818572e+00 +1.087838186e+02 +1.087838186e+02 +1.5138e+00 -1.7879e+00
210 +3.392932274e+00 +3.392932274e+00 +1.060029323e+02 +1.060029323e+02 +3.0822e+00 -3.5267e+00
2111 +2.130796956e+00 +2.130796956e+00 +1.047407970e+02 +1.047407970e+02 +2.9356e+00 -2.4724e+00
% function evaluation | noise-free fitness - Fopt (9.330000000000e+01) | best noise-free fitness - Fopt | measured fitness | best measured fitness | x1 | x2...
1 +4.233663861e+02 +4.233663861e+02 +5.166663861e+02 +5.166663861e+02 -5.1972e+00 +2.4404e+00
2 +3.733616380e+01 +3.733616380e+01 +1.306361638e+02 +1.306361638e+02 -3.4710e+00 -3.3330e+00
4 +7.676967983e+00 +7.676967983e+00 +1.009769680e+02 +1.009769680e+02 -3.7539e+00 +2.2516e+00
96 +2.083349711e+00 +2.083349711e+00 +9.538334971e+01 +9.538334971e+01 -2.9200e+00 +2.5672e+00
% function evaluation | noise-free fitness - Fopt (1.364000000000e+01) | best noise-free fitness - Fopt | measured fitness | best measured fitness | x1 | x2...
1 +4.309672007e+01 +4.309672007e+01 +5.673672007e+01 +5.673672007e+01 -2.5963e+00 +2.9129e+00
2 +3.473263386e+01 +3.473263386e+01 +4.837263386e+01 +4.837263386e+01 -4.5763e+00 +1.5151e+00
3 +1.269482985e+01 +1.269482985e+01 +2.633482985e+01 +2.633482985e+01 -3.1429e+00 -4.6889e-02
23 +9.748831065e+00 +9.748831065e+00 +2.338883106e+01 +2.338883106e+01 -1.7947e+00 -4.0307e+00
183 +5.231254127e+00 +5.231254127e+00 +1.887125413e+01 +1.887125413e+01 -1.8812e+00 -1.7085e+00
520 +3.206052879e+00 +3.206052879e+00 +1.684605288e+01 +1.684605288e+01 -2.5457e+00 -4.2130e+00
2323 +2.294354888e+00 +2.294354888e+00 +1.593435489e+01 +1.593435489e+01 -3.3289e+00 -3.3758e+00
% function evaluation | noise-free fitness - Fopt (1.948000000000e+02) | best noise-free fitness - Fopt | measured fitness | best measured fitness | x1 | x2...
1 +7.157508386e+01 +7.157508386e+01 +2.663750839e+02 +2.663750839e+02 -1.8823e+00 +4.6489e+00
3 +2.793247838e+01 +2.793247838e+01 +2.227324784e+02 +2.227324784e+02 -1.4736e+00 -1.1887e+00
6 +1.887033494e+01 +1.887033494e+01 +2.136703349e+02 +2.136703349e+02 -1.9759e+00 -1.3621e+00
13 +9.818180768e+00 +9.818180768e+00 +2.046181808e+02 +2.046181808e+02 +4.0349e+00 -3.0589e-01
42 +6.130558526e+00 +6.130558526e+00 +2.009305585e+02 +2.009305585e+02 +1.8964e+00 -1.4065e+00
169 +2.572688846e+00 +2.572688846e+00 +1.973726888e+02 +1.973726888e+02 -5.2621e-01 +1.2079e+00
1154 +1.530920675e+00 +1.530920675e+00 +1.963309207e+02 +1.963309207e+02 -1.3466e+00 +1.0325e+00
9259 +5.946814499e-01 +5.946814499e-01 +1.953946814e+02 +1.953946814e+02 -9.7412e-01 +9.8878e-01
19150 +1.723192555e-01 +1.723192555e-01 +1.949723193e+02 +1.949723193e+02 -1.2375e+00 +1.2551e+00
24330 +1.495044320e-01 +1.495044320e-01 +1.949495044e+02 +1.949495044e+02 -1.3585e+00 +1.2551e+00
42964 +3.049311852e-02 +3.049311852e-02 +1.948304931e+02 +1.948304931e+02 -1.2483e+00 +1.2501e+00
54364 +1.035471792e-02 +1.035471792e-02 +1.948103547e+02 +1.948103547e+02 -1.2483e+00 +1.2504e+00
% function evaluation | noise-free fitness - Fopt (-1.335900000000e+02) | best noise-free fitness - Fopt | measured fitness | best measured fitness | x1 | x2...
1 +6.774344709e+01 +6.774344709e+01 -6.584655291e+01 -6.584655291e+01 +3.6582e+00 +4.2488e+00
2 +2.403488390e+01 +2.403488390e+01 -1.095551161e+02 -1.095551161e+02 +2.0943e+00 -1.0729e+00
3 +1.355923420e+01 +1.355923420e+01 -1.200307658e+02 -1.200307658e+02 -2.8644e+00 -6.8487e-01
52 +9.509250928e+00 +9.509250928e+00 -1.240807491e+02 -1.240807491e+02 -3.8225e+00 +4.4114e+00
115 +2.849136212e+00 +2.849136212e+00 -1.307408638e+02 -1.307408638e+02 +1.7989e+00 -1.5182e+00
371 +1.821136120e+00 +1.821136120e+00 -1.317688639e+02 -1.317688639e+02 +1.4556e+00 -9.8823e-01
3248 +1.411173599e+00 +1.411173599e+00 -1.321788264e+02 -1.321788264e+02 +1.0704e+00 -9.8174e-01
3761 +4.000132522e-01 +4.000132522e-01 -1.331899867e+02 -1.331899867e+02 +1.3227e+00 -1.3968e+00
9123 +3.177163612e-01 +3.177163612e-01 -1.332722836e+02 -1.332722836e+02 +1.1125e+00 -1.3107e+00
17813 +2.325707021e-01 +2.325707021e-01 -1.333574293e+02 -1.333574293e+02 +1.3001e+00 -1.0576e+00
37186 +5.646358155e-02 +5.646358155e-02 -1.335335364e+02 -1.335335364e+02 +1.2455e+00 -1.2531e+00
37726 +2.036171708e-02 +2.036171708e-02 -1.335696383e+02 -1.335696383e+02 +1.2469e+00 -1.2531e+00
% function evaluation | noise-free fitness - Fopt (1.543700000000e+02) | best noise-free fitness - Fopt | measured fitness | best measured fitness | x1 | x2...
1 +2.089236643e+01 +2.089236643e+01 +1.752623664e+02 +1.752623664e+02 -2.7769e+00 -1.2185e+00
20 +1.029597928e+01 +1.029597928e+01 +1.646659793e+02 +1.646659793e+02 -1.0481e+00 +3.6207e+00
25 +7.564240931e+00 +7.564240931e+00 +1.619342409e+02 +1.619342409e+02 -9.9010e-01 +7.8311e-01
107 +5.933674219e+00 +5.933674219e+00 +1.603036742e+02 +1.603036742e+02 -2.3267e+00 +3.7566e+00
127 +3.494235560e+00 +3.494235560e+00 +1.578642356e+02 +1.578642356e+02 -2.6001e+00 +3.4876e+00
1836 +2.342002966e+00 +2.342002966e+00 +1.567120030e+02 +1.567120030e+02 -2.8510e+00 +2.4155e+00
% function evaluation | noise-free fitness - Fopt (-2.883300000000e+02) | best noise-free fitness - Fopt | measured fitness | best measured fitness | x1 | x2...
1 +3.316902529e+01 +3.316902529e+01 -2.551609747e+02 -2.551609747e+02 -8.7517e-01 -2.3805e+00
2 +1.739147367e+01 +1.739147367e+01 -2.709385263e+02 -2.709385263e+02 +2.4203e+00 -1.8533e+00
46 +1.273322494e+01 +1.273322494e+01 -2.755967751e+02 -2.755967751e+02 -1.5691e+00 +2.3327e+00
64 +7.949402043e+00 +7.949402043e+00 -2.803805980e+02 -2.803805980e+02 +1.4523e-01 -3.8397e+00
142 +3.004949958e+00 +3.004949958e+00 -2.853250500e+02 -2.853250500e+02 +2.9126e+00 -3.3849e+00
165 +1.990116976e+00 +1.990116976e+00 -2.863398830e+02 -2.863398830e+02 -9.7330e-01 +1.6149e+00
2173 +1.433717701e+00 +1.433717701e+00 -2.868962823e+02 -2.868962823e+02 -1.5078e+00 +1.0839e+00
4061 +7.712623160e-01 +7.712623160e-01 -2.875587377e+02 -2.875587377e+02 -1.6189e+00 +1.1215e+00
8543 +4.096219914e-01 +4.096219914e-01 -2.879203780e+02 -2.879203780e+02 -1.0220e+00 +1.1984e+00
23732 +3.038953270e-01 +3.038953270e-01 -2.880261047e+02 -2.880261047e+02 -1.3404e+00 +1.4937e+00
28399 +1.153583364e-01 +1.153583364e-01 -2.882146417e+02 -2.882146417e+02 -1.3653e+00 +1.2724e+00
39519 +6.329438388e-02 +6.329438388e-02 -2.882667056e+02 -2.882667056e+02 -1.3642e+00 +1.2724e+00
59879 +6.193722731e-02 +6.193722731e-02 -2.882680628e+02 -2.882680628e+02 -1.3642e+00 +1.2724e+00
92308 +5.448138499e-03 +5.448138499e-03 -2.883245519e+02 -2.883245519e+02 -1.2497e+00 +1.2477e+00
% function evaluation | noise-free fitness - Fopt (-5.381100000000e+02) | best noise-free fitness - Fopt | measured fitness | best measured fitness | x1 | x2...
1 +5.234608887e+03 +5.234608887e+03 +4.696498887e+03 +4.696498887e+03 -5.7182e+00 +4.2062e+00
3 +1.440931967e+01 +1.440931967e+01 -5.237006803e+02 -5.237006803e+02 -1.7679e-01 +2.7477e+00
51 +7.241505373e+00 +7.241505373e+00 -5.308684946e+02 -5.308684946e+02 +3.4181e+00 +2.7365e+00
77 +3.667002927e+00 +3.667002927e+00 -5.344429971e+02 -5.344429971e+02 +1.9080e+00 +2.7485e+00
423 +2.082187820e+00 +2.082187820e+00 -5.360278122e+02 -5.360278122e+02 +3.0605e+00 +2.8644e+00
1101 +1.019445704e-01 +1.019445704e-01 -5.380080554e+02 -5.380080554e+02 -1.2974e+00 -1.1040e+00
88940 +6.311115974e-02 +6.311115974e-02 -5.380468888e+02 -5.380468888e+02 -1.2498e+00 -1.2586e+00
108845 +3.760795284e-02 +3.760795284e-02 -5.380723920e+02 -5.380723920e+02 -1.2493e+00 -1.2499e+00
138732 +1.759641507e-02 +1.759641507e-02 -5.380924036e+02 -5.380924036e+02 -1.2498e+00 -1.2542e+00
139340 +4.601033329e-03 +4.601033329e-03 -5.381053990e+02 -5.381053990e+02 -1.2498e+00 -1.2499e+00
% function evaluation | noise-free fitness - Fopt (7.478200000000e+02) | best noise-free fitness - Fopt | measured fitness | best measured fitness | x1 | x2...
1 +4.653710138e+01 +4.653710138e+01 +7.943571014e+02 +7.943571014e+02 -2.3558e+00 +4.0120e+00
3 +2.704639884e+01 +2.704639884e+01 +7.748663988e+02 +7.748663988e+02 +8.0041e-01 +2.2162e+00
7 +1.238683238e+01 +1.238683238e+01 +7.602068324e+02 +7.602068324e+02 +2.1840e-01 +3.1418e+00
63 +7.801059160e+00 +7.801059160e+00 +7.556210592e+02 +7.556210592e+02 +3.3507e+00 +4.2244e+00
125 +6.069352268e+00 +6.069352268e+00 +7.538893523e+02 +7.538893523e+02 +9.4898e-01 +3.7279e+00
447 +3.531780076e+00 +3.531780076e+00 +7.513517801e+02 +7.513517801e+02 +3.8606e+00 +1.6725e+00
5467 +2.482843326e+00 +2.482843326e+00 +7.503028433e+02 +7.503028433e+02 +3.4021e+00 +2.2321e+00
% function evaluation | noise-free fitness - Fopt (1.667000000000e+01) | best noise-free fitness - Fopt | measured fitness | best measured fitness | x1 | x2...
1 +5.527513390e+01 +5.527513390e+01 +7.194513390e+01 +7.194513390e+01 -3.4103e+00 -3.1951e+00
3 +3.517331574e+01 +3.517331574e+01 +5.184331574e+01 +5.184331574e+01 -1.9087e-01 -1.6815e+00
5 +1.475649317e+01 +1.475649317e+01 +3.142649317e+01 +3.142649317e+01 -1.1257e+00 +2.7146e+00
38 +3.473717228e+00 +3.473717228e+00 +2.014371723e+01 +2.014371723e+01 +2.5943e+00 -4.4060e+00
690 +5.357179590e-01 +5.357179590e-01 +1.720571796e+01 +1.720571796e+01 -1.2374e+00 +1.0162e+00
16649 +3.785087378e-01 +3.785087378e-01 +1.704850874e+01 +1.704850874e+01 -1.3788e+00 +1.4345e+00
22534 +2.255680810e-01 +2.255680810e-01 +1.689556808e+01 +1.689556808e+01 -1.0620e+00 +1.3875e+00
93350 +9.064186759e-02 +9.064186759e-02 +1.676064187e+01 +1.676064187e+01 -1.2576e+00 +1.2563e+00
164211 +5.326508679e-02 +5.326508679e-02 +1.672326509e+01 +1.672326509e+01 -1.2542e+00 +1.2540e+00
188993 +2.951746258e-02 +2.951746258e-02 +1.669951746e+01 +1.669951746e+01 -1.2457e+00 +1.2471e+00
% function evaluation | noise-free fitness - Fopt (-6.277000000000e+01) | best noise-free fitness - Fopt | measured fitness | best measured fitness | x1 | x2...
1 +2.948749132e+01 +2.948749132e+01 -3.328250868e+01 -3.328250868e+01 -6.2055e-01 -3.8563e+00
5 +2.087028603e+01 +2.087028603e+01 -4.189971397e+01 -4.189971397e+01 +7.6723e-02 -1.6981e+00
8 +1.581509528e+01 +1.581509528e+01 -4.695490472e+01 -4.695490472e+01 -3.7776e+00 -3.8776e+00
21 +6.960076727e+00 +6.960076727e+00 -5.580992327e+01 -5.580992327e+01 -3.0107e+00 -3.7877e+00
52 +4.786378334e+00 +4.786378334e+00 -5.798362167e+01 -5.798362167e+01 -3.5755e+00 -3.3426e+00
313 +2.971333377e+00 +2.971333377e+00 -5.979866662e+01 -5.979866662e+01 -2.7775e+00 -3.4634e+00
2537 +1.325341489e+00 +1.325341489e+00 -6.144465851e+01 -6.144465851e+01 +1.6899e+00 +1.2744e+00
2757 +9.653810356e-01 +9.653810356e-01 -6.180461896e+01 -6.180461896e+01 +1.6646e+00 +1.2744e+00
7776 +3.755699865e-01 +3.755699865e-01 -6.239443001e+01 -6.239443001e+01 +1.3608e+00 +1.1401e+00
26565 +6.922212810e-02 +6.922212810e-02 -6.270077787e+01 -6.270077787e+01 +1.2589e+00 +1.2503e+00
54825 +2.383042003e-02 +2.383042003e-02 -6.274616958e+01 -6.274616958e+01 +1.2451e+00 +1.2503e+00
73025 +1.291786589e-02 +1.291786589e-02 -6.275708213e+01 -6.275708213e+01 +1.2530e+00 +1.2503e+00
122945 +6.087341712e-03 +6.087341712e-03 -6.276391266e+01 -6.276391266e+01 +1.2509e+00 +1.2503e+00
% function evaluation | noise-free fitness - Fopt (1.096000000000e+01) | best noise-free fitness - Fopt | measured fitness | best measured fitness | x1 | x2...
1 +2.569050231e+01 +2.569050231e+01 +3.665050231e+01 +3.665050231e+01 -3.2633e+00 +4.6796e+00
2 +4.840920255e+00 +4.840920255e+00 +1.580092026e+01 +1.580092026e+01 -4.7550e+00 +2.4456e+00
81 +2.324277514e+00 +2.324277514e+00 +1.328427751e+01 +1.328427751e+01 -3.4033e+00 +3.3177e+00
% function evaluation | noise-free fitness - Fopt (9.038000000000e+01) | best noise-free fitness - Fopt | measured fitness | best measured fitness | x1 | x2...
1 +4.805371819e+01 +4.805371819e+01 +1.384337182e+02 +1.384337182e+02 -7.6213e-02 -4.0335e-02
3 +3.326789313e+01 +3.326789313e+01 +1.236478931e+02 +1.236478931e+02 +4.0695e+00 -4.3506e+00
8 +1.319353739e+01 +1.319353739e+01 +1.035735374e+02 +1.035735374e+02 -3.6259e+00 -3.1514e+00
13 +5.933236223e+00 +5.933236223e+00 +9.631323622e+01 +9.631323622e+01 -1.2360e+00 -1.0876e+00
367 +2.694774814e+00 +2.694774814e+00 +9.307477481e+01 +9.307477481e+01 -3.1510e+00 -2.0287e+00
534 +2.236498911e+00 +2.236498911e+00 +9.261649891e+01 +9.261649891e+01 -3.0575e+00 -3.1684e+00
% function evaluation | noise-free fitness - Fopt (-2.635200000000e+02) | best noise-free fitness - Fopt | measured fitness | best measured fitness | x1 | x2...
1 +5.485816659e+01 +5.485816659e+01 -2.086618334e+02 -2.086618334e+02 +8.0875e-01 -4.2532e+00
2 +3.268816116e+01 +3.268816116e+01 -2.308318388e+02 -2.308318388e+02 +2.3348e+00 -1.2227e+00
4 +1.931422322e+01 +1.931422322e+01 -2.442057768e+02 -2.442057768e+02 -1.9521e+00 -2.7206e+00
21 +1.383363821e+01 +1.383363821e+01 -2.496863618e+02 -2.496863618e+02 +4.2938e+00 -5.0698e-01
91 +5.714567520e+00 +5.714567520e+00 -2.578054325e+02 -2.578054325e+02 -1.8086e+00 -1.5769e+00
139 +3.699361442e+00 +3.699361442e+00 -2.598206386e+02 -2.598206386e+02 +1.6222e+00 +2.3157e+00
3267 +2.476802202e+00 +2.476802202e+00 -2.610431978e+02 -2.610431978e+02 +2.6781e+00 +3.1852e+00
% function evaluation | noise-free fitness - Fopt (3.101900000000e+02) | best noise-free fitness - Fopt | measured fitness | best measured fitness | x1 | x2...
1 +9.808162127e+02 +9.808162127e+02 +1.291006213e+03 +1.291006213e+03 +2.1136e+00 -5.3098e+00
2 +3.806076685e+01 +3.806076685e+01 +3.482507668e+02 +3.482507668e+02 -9.4291e-01 -2.9605e+00
3 +1.738261515e+01 +1.738261515e+01 +3.275726152e+02 +3.275726152e+02 +4.6176e-01 -2.3835e+00
15 +9.903473216e+00 +9.903473216e+00 +3.200934732e+02 +3.200934732e+02 -1.3238e+00 +1.6454e+00
43 +4.916550742e+00 +4.916550742e+00 +3.151065507e+02 +3.151065507e+02 +2.9373e+00 -2.3835e+00
167 +1.254135823e+00 +1.254135823e+00 +3.114441358e+02 +3.114441358e+02 -1.5431e+00 +1.6646e+00
3289 +3.319901283e-01 +3.319901283e-01 +3.105219901e+02 +3.105219901e+02 -1.5134e+00 +1.2780e+00
20420 +2.622346493e-02 +2.622346493e-02 +3.102162235e+02 +3.102162235e+02 -1.3149e+00 +1.2585e+00
% function evaluation | noise-free fitness - Fopt (-5.638000000000e+01) | best noise-free fitness - Fopt | measured fitness | best measured fitness | x1 | x2...
1 +1.295359014e+01 +1.295359014e+01 -4.342640986e+01 -4.342640986e+01 +1.2026e+00 -5.3627e-01
32 +9.865307718e+00 +9.865307718e+00 -4.651469228e+01 -4.651469228e+01 -4.0783e+00 +3.6704e+00
63 +3.411364986e+00 +3.411364986e+00 -5.296863501e+01 -5.296863501e+01 +1.3492e+00 -2.0749e+00
475 +1.861175044e+00 +1.861175044e+00 -5.451882496e+01 -5.451882496e+01 +9.5441e-01 -9.4216e-01
5712 +1.112871803e+00 +1.112871803e+00 -5.526712820e+01 -5.526712820e+01 +1.2818e+00 -1.5191e+00
11553 +3.688740662e-01 +3.688740662e-01 -5.601112593e+01 -5.601112593e+01 +1.0478e+00 -1.1209e+00
23911 +2.215658120e-01 +2.215658120e-01 -5.615843419e+01 -5.615843419e+01 +1.2605e+00 -1.2609e+00
56087 +1.223438963e-01 +1.223438963e-01 -5.625765610e+01 -5.625765610e+01 +1.1766e+00 -1.3346e+00
160832 +6.479591588e-02 +6.479591588e-02 -5.631520408e+01 -5.631520408e+01 +1.1715e+00 -1.3306e+00
% function evaluation | noise-free fitness - Fopt (-1.000000000000e+03) | best noise-free fitness - Fopt | measured fitness | best measured fitness | x1 | x2...
1 +1.813916931e+01 +1.813916931e+01 -9.818608307e+02 -9.818608307e+02 +2.1332e+00 -5.6913e-01
46 +5.191362147e+00 +5.191362147e+00 -9.948086379e+02 -9.948086379e+02 -1.7738e-01 +9.1323e-01
245 +2.909124139e+00 +2.909124139e+00 -9.970908759e+02 -9.970908759e+02 +1.9201e+00 -2.8441e+00
868 +1.674696718e+00 +1.674696718e+00 -9.983253033e+02 -9.983253033e+02 -1.3072e+00 +1.3569e+00
19298 +1.466478309e+00 +1.466478309e+00 -9.985335217e+02 -9.985335217e+02 -1.1944e+00 +1.4273e+00
37025 +4.596523743e-01 +4.596523743e-01 -9.995403476e+02 -9.995403476e+02 -1.4037e+00 +1.2005e+00
52635 +3.567441909e-01 +3.567441909e-01 -9.996432558e+02 -9.996432558e+02 -1.0720e+00 +1.2850e+00
61313 +1.575859797e-01 +1.575859797e-01 -9.998424140e+02 -9.998424140e+02 -1.1749e+00 +1.4146e+00
115980 +1.751229351e-02 +1.751229351e-02 -9.999824877e+02 -9.999824877e+02 -1.2492e+00 +1.2491e+00
178720 +1.451293258e-02 +1.451293258e-02 -9.999854871e+02 -9.999854871e+02 -1.2491e+00 +1.2491e+00
187780 +5.269014198e-03 +5.269014198e-03 -9.999947310e+02 -9.999947310e+02 -1.2486e+00 +1.2491e+00
% function evaluation | noise-free fitness - Fopt (3.548000000000e+01) | best noise-free fitness - Fopt | measured fitness | best measured fitness | x1 | x2...
1 +2.997905936e+01 +2.997905936e+01 +6.545905936e+01 +6.545905936e+01 +1.8387e-01 -9.5115e-01
2 +1.888839140e+01 +1.888839140e+01 +5.436839140e+01 +5.436839140e+01 -4.4308e+00 -4.4354e+00
10 +9.669699076e+00 +9.669699076e+00 +4.514969908e+01 +4.514969908e+01 +2.3313e+00 +4.8346e-01
107 +3.398371944e+00 +3.398371944e+00 +3.887837194e+01 +3.887837194e+01 -3.9328e+00 -3.5171e+00
444 +1.407012095e+00 +1.407012095e+00 +3.688701209e+01 +3.688701209e+01 +1.2972e+00 +1.0605e+00
4204 +6.986040509e-01 +6.986040509e-01 +3.617860405e+01 +3.617860405e+01 +1.2972e+00 +1.0739e+00
5180 +4.512805558e-01 +4.512805558e-01 +3.593128056e+01 +3.593128056e+01 +1.1871e+00 +9.2629e-01
8454 +1.683655820e-01 +1.683655820e-01 +3.564836558e+01 +3.564836558e+01 +1.2025e+00 +1.4080e+00
11394 +1.164124287e-01 +1.164124287e-01 +3.559641243e+01 +3.559641243e+01 +1.2025e+00 +1.4034e+00
70031 +2.976733036e-02 +2.976733036e-02 +3.550976733e+01 +3.550976733e+01 +1.2506e+00 +1.2508e+00
96679 +2.278427742e-02 +2.278427742e-02 +3.550278428e+01 +3.550278428e+01 +1.2503e+00 +1.2457e+00
105797 +9.143360965e-03 +9.143360965e-03 +3.548914336e+01 +3.548914336e+01 +1.2503e+00 +1.2523e+00
% function evaluation | noise-free fitness - Fopt (-5.263000000000e+01) | best noise-free fitness - Fopt | measured fitness | best measured fitness | x1 | x2...
1 +2.786479021e+01 +2.786479021e+01 -2.476520979e+01 -2.476520979e+01 +2.4979e+00 -6.9622e-02
8 +2.298115339e+01 +2.298115339e+01 -2.964884661e+01 -2.964884661e+01 -4.2398e+00 +3.8733e+00
15 +1.256290061e+01 +1.256290061e+01 -4.006709939e+01 -4.006709939e+01 -3.7088e+00 +4.3113e+00
63 +5.475528331e+00 +5.475528331e+00 -4.715447167e+01 -4.715447167e+01 -3.8945e+00 +3.9549e+00
173 +3.574179222e+00 +3.574179222e+00 -4.905582078e+01 -4.905582078e+01 -4.0021e+00 +2.3022e+00
268 +2.403682047e+00 +2.403682047e+00 -5.022631795e+01 -5.022631795e+01 -3.3720e+00 +3.3965e+00
% function evaluation | noise-free fitness - Fopt (-6.888900000000e+02) | best noise-free fitness - Fopt | measured fitness | best measured fitness | x1 | x2...
1 +8.170162580e+01 +8.170162580e+01 -6.071883742e+02 -6.071883742e+02 -4.0372e+00 +4.2464e+00
2 +1.724760865e+01 +1.724760865e+01 -6.716423913e+02 -6.716423913e+02 -9.2628e-01 -4.1640e+00
15 +1.222165303e+01 +1.222165303e+01 -6.766683470e+02 -6.766683470e+02 +3.6074e+00 -1.0147e+00
100 +8.282687315e+00 +8.282687315e+00 -6.806073127e+02 -6.806073127e+02 +1.3709e+00 -2.8150e+00
140 +5.647281901e+00 +5.647281901e+00 -6.832427181e+02 -6.832427181e+02 +2.1788e+00 -1.5873e+00
324 +3.067207285e+00 +3.067207285e+00 -6.858227927e+02 -6.858227927e+02 +2.1822e+00 -2.0403e+00
1364 +1.797084241e+00 +1.797084241e+00 -6.870929158e+02 -6.870929158e+02 -9.9520e-01 +7.3969e-01
3256 +1.133661709e+00 +1.133661709e+00 -6.877563383e+02 -6.877563383e+02 -1.1964e+00 +1.1745e+00
10887 +8.752130415e-01 +8.752130415e-01 -6.880147870e+02 -6.880147870e+02 -1.5027e+00 +1.2681e+00
11465 +1.188550496e-01 +1.188550496e-01 -6.887711450e+02 -6.887711450e+02 -1.3020e+00 +1.3443e+00
12939 +5.923961808e-02 +5.923961808e-02 -6.888307604e+02 -6.888307604e+02 -1.1984e+00 +1.1523e+00
% function evaluation | noise-free fitness - Fopt (-4.089000000000e+01) | best noise-free fitness - Fopt | measured fitness | best measured fitness | x1 | x2...
1 +3.302376478e+01 +3.302376478e+01 -7.866235219e+00 -7.866235219e+00 +3.8839e-02 -3.0324e+00
3 +1.447733052e+01 +1.447733052e+01 -2.641266948e+01 -2.641266948e+01 -2.2891e+00 +2.4454e+00
77 +9.324110548e+00 +9.324110548e+00 -3.156588945e+01 -3.156588945e+01 +1.9366e+00 -5.4247e-01
163 +5.137298906e+00 +5.137298906e+00 -3.575270109e+01 -3.575270109e+01 +1.9081e+00 -3.3937e+00
204 +3.473137621e+00 +3.473137621e+00 -3.741686238e+01 -3.741686238e+01 -1.1966e+00 +2.0819e+00
1870 +9.111689209e-01 +9.111689209e-01 -3.997883108e+01 -3.997883108e+01 -1.2420e+00 +1.4004e+00
4930 +3.192052899e-01 +3.192052899e-01 -4.057079471e+01 -4.057079471e+01 -1.2439e+00 +1.4004e+00
7868 +2.291548802e-01 +2.291548802e-01 -4.066084512e+01 -4.066084512e+01 -1.2624e+00 +1.0808e+00
41329 +1.131983154e-01 +1.131983154e-01 -4.077680168e+01 -4.077680168e+01 -1.2475e+00 +1.2535e+00
92169 +4.950375817e-02 +4.950375817e-02 -4.084049624e+01 -4.084049624e+01 -1.2475e+00 +1.2552e+00
142689 +3.540684491e-02 +3.540684491e-02 -4.085459316e+01 -4.085459316e+01 -1.2485e+00 +1.2552e+00
% function evaluation | noise-free fitness - Fopt (-2.512400000000e+02) | best noise-free fitness - Fopt | measured fitness | best measured fitness | x1 | x2...
1 +9.022034746e+01 +9.022034746e+01 -1.610196525e+02 -1.610196525e+02 +4.4765e+00 +3.3162e+00
3 +1.866229911e+01 +1.866229911e+01 -2.325777009e+02 -2.325777009e+02 -2.6006e-01 -2.4975e+00
9 +1.102608772e+01 +1.102608772e+01 -2.402139123e+02 -2.402139123e+02 -8.2943e-01 -3.4573e+00
58 +7.216415295e+00 +7.216415295e+00 -2.440235847e+02 -2.440235847e+02 -1.7320e+00 -3.9752e+00
123 +2.924561736e+00 +2.924561736e+00 -2.483154383e+02 -2.483154383e+02 +1.5067e+00 +2.0327e+00
466 +2.320738858e+00 +2.320738858e+00 -2.489192611e+02 -2.489192611e+02 -2.6617e+00 -3.1649e+00
694 +7.187721692e-01 +7.187721692e-01 -2.505212278e+02 -2.505212278e+02 +1.0829e+00 +1.0220e+00
3174 +4.699485731e-01 +4.699485731e-01 -2.507700514e+02 -2.507700514e+02 +1.0829e+00 +1.0244e+00
4175 +3.944259803e-01 +3.944259803e-01 -2.508455740e+02 -2.508455740e+02 +1.5268e+00 +1.3296e+00
49673 +2.431152194e-01 +2.431152194e-01 -2.509968848e+02 -2.509968848e+02 +1.3643e+00 +1.1152e+00
73596 +1.498530716e-01 +1.498530716e-01 -2.510901469e+02 -2.510901469e+02 +1.3591e+00 +1.1059e+00
123520 +4.296261851e-02 +4.296261851e-02 -2.511970374e+02 -2.511970374e+02 +1.2476e+00 +1.2458e+00
172357 +5.949679074e-03 +5.949679074e-03 -2.512340503e+02 -2.512340503e+02 +1.2503e+00 +1.2513e+00
% function evaluation | noise-free fitness - Fopt (-3.288000000000e+01) | best noise-free fitness - Fopt | measured fitness | best measured fitness | x1 | x2...
1 +1.655612157e+01 +1.655612157e+01 -1.632387843e+01 -1.632387843e+01 +3.0262e-01 +2.3719e+00
12 +1.250458132e+01 +1.250458132e+01 -2.037541868e+01 -2.037541868e+01 +1.3164e+00 -4.5681e+00
76 +9.579721805e+00 +9.579721805e+00 -2.330027819e+01 -2.330027819e+01 +2.7934e+00 -1.5833e+00
300 +5.281213331e+00 +5.281213331e+00 -2.759878667e+01 -2.759878667e+01 +1.2826e+00 -2.4841e+00
373 +3.142850110e+00 +3.142850110e+00 -2.973714989e+01 -2.973714989e+01 -9.4172e-01 +1.0610e+00
951 +2.184880254e+00 +2.184880254e+00 -3.069511975e+01 -3.069511975e+01 +3.2992e+00 -2.9095e+00
9712 +1.415763733e+00 +1.415763733e+00 -3.146423627e+01 -3.146423627e+01 -8.9547e-01 +1.4412e+00
18767 +4.940375291e-01 +4.940375291e-01 -3.238596247e+01 -3.238596247e+01 -1.2983e+00 +9.6557e-01
22704 +2.828625171e-01 +2.828625171e-01 -3.259713748e+01 -3.259713748e+01 -1.2666e+00 +1.1001e+00
25958 +1.680060466e-01 +1.680060466e-01 -3.271199395e+01 -3.271199395e+01 -1.2669e+00 +1.0971e+00
26652 +1.321262942e-01 +1.321262942e-01 -3.274787371e+01 -3.274787371e+01 -1.2456e+00 +1.3324e+00
35757 +2.760073022e-02 +2.760073022e-02 -3.285239927e+01 -3.285239927e+01 -1.2390e+00 +1.3226e+00
158164 +4.539463664e-03 +4.539463664e-03 -3.287546054e+01 -3.287546054e+01 -1.2488e+00 +1.2484e+00
% function evaluation | noise-free fitness - Fopt (-8.570000000000e+00) | best noise-free fitness - Fopt | measured fitness | best measured fitness | x1 | x2...
1 +8.967601564e+03 +8.967601564e+03 +8.959031564e+03 +8.959031564e+03 -5.9426e+00 -1.6751e+00
2 +3.390423144e+01 +3.390423144e+01 +2.533423144e+01 +2.533423144e+01 +2.7549e+00 -1.7240e+00
9 +2.092954760e+01 +2.092954760e+01 +1.235954760e+01 +1.235954760e+01 +2.5334e+00 +2.1166e+00
28 +1.440985440e+01 +1.440985440e+01 +5.839854400e+00 +5.839854400e+00 +2.5585e+00 -4.1596e-01
101 +4.606959477e+00 +4.606959477e+00 -3.963040523e+00 -3.963040523e+00 -1.5346e+00 -1.4260e+00
146 +3.392604460e+00 +3.392604460e+00 -5.177395540e+00 -5.177395540e+00 -1.6290e+00 -4.4067e-01
183 +2.429026556e+00 +2.429026556e+00 -6.140973444e+00 -6.140973444e+00 -5.3492e-01 -1.1551e+00
1034 +6.078075529e-01 +6.078075529e-01 -7.962192447e+00 -7.962192447e+00 -1.4167e+00 -1.5195e+00
3654 +3.532740146e-01 +3.532740146e-01 -8.216725985e+00 -8.216725985e+00 -1.1284e+00 -1.5195e+00
11704 +1.718634956e-01 +1.718634956e-01 -8.398136504e+00 -8.398136504e+00 -1.2558e+00 -1.4307e+00
25129 +1.157362088e-01 +1.157362088e-01 -8.454263791e+00 -8.454263791e+00 -1.2396e+00 -1.2509e+00
76909 +2.020684793e-02 +2.020684793e-02 -8.549793152e+00 -8.549793152e+00 -1.2457e+00 -1.2509e+00
% function evaluation | noise-free fitness - Fopt (-1.402500000000e+02) | best noise-free fitness - Fopt | measured fitness | best measured fitness | x1 | x2...
1 +1.326375382e+01 +1.326375382e+01 -1.269862462e+02 -1.269862462e+02 +3.5995e-01 -7.5305e-01
26 +9.918733803e+00 +9.918733803e+00 -1.303312662e+02 -1.303312662e+02 -4.2895e+00 +1.1903e-02
198 +1.041220270e+00 +1.041220270e+00 -1.392087797e+02 -1.392087797e+02 +9.7150e-01 +1.0984e+00
4935 +9.547099454e-01 +9.547099454e-01 -1.392952901e+02 -1.392952901e+02 +9.3589e-01 +1.1951e+00
12772 +4.233033298e-01 +4.233033298e-01 -1.398266967e+02 -1.398266967e+02 +1.5325e+00 +1.3200e+00
13455 +3.639173025e-01 +3.639173025e-01 -1.398860827e+02 -1.398860827e+02 +1.2982e+00 +9.9604e-01
29382 +3.951566894e-02 +3.951566894e-02 -1.402104843e+02 -1.402104843e+02 +1.2604e+00 +1.1683e+00
145337 +1.391231324e-02 +1.391231324e-02 -1.402360877e+02 -1.402360877e+02 +1.2509e+00 +1.2500e+00
% function evaluation | noise-free fitness - Fopt (2.817400000000e+02) | best noise-free fitness - Fopt | measured fitness | best measured fitness | x1 | x2...
1 +1.544411676e+01 +1.544411676e+01 +2.971841168e+02 +2.971841168e+02 +2.1499e+00 +1.6032e+00
23 +7.976578668e+00 +7.976578668e+00 +2.897165787e+02 +2.897165787e+02 +4.2230e+00 +4.3235e-01
50 +5.430830445e+00 +5.430830445e+00 +2.871708304e+02 +2.871708304e+02 +1.7087e+00 +2.7562e+00
523 +3.086404765e+00 +3.086404765e+00 +2.848264048e+02 +2.848264048e+02 +1.7293e+00 +2.7080e+00
1842 +2.381606677e+00 +2.381606677e+00 +2.841216067e+02 +2.841216067e+02 +2.7672e+00 +3.6440e+00
% function evaluation | noise-free fitness - Fopt (7.814000000000e+01) | best noise-free fitness - Fopt | measured fitness | best measured fitness | x1 | x2...
1 +2.879701703e+01 +2.879701703e+01 +1.069370170e+02 +1.069370170e+02 +6.9796e-01 +4.8579e-01
2 +3.995859487e+00 +3.995859487e+00 +8.213585949e+01 +8.213585949e+01 +1.4629e+00 +2.2267e+00
188 +3.794905372e+00 +3.794905372e+00 +8.193490537e+01 +8.193490537e+01 +2.7087e+00 +4.0540e+00
1953 +2.486218687e+00 +2.486218687e+00 +8.062621869e+01 +8.062621869e+01 +3.0726e+00 +2.7121e+00
% function evaluation | noise-free fitness - Fopt (-2.405100000000e+02) | best noise-free fitness - Fopt | measured fitness | best measured fitness | x1 | x2...
1 +3.807767804e+01 +3.807767804e+01 -2.024323220e+02 -2.024323220e+02 -9.4281e-01 -2.8135e-01
2 +1.064633038e+01 +1.064633038e+01 -2.298636696e+02 -2.298636696e+02 +2.4272e+00 +1.7490e+00
85 +7.519343203e+00 +7.519343203e+00 -2.329906568e+02 -2.329906568e+02 +1.5776e+00 +1.6497e+00
86 +5.504348250e+00 +5.504348250e+00 -2.350056518e+02 -2.350056518e+02 +1.8953e+00 +7.8543e-01
284 +3.439987476e+00 +3.439987476e+00 -2.370700125e+02 -2.370700125e+02 +3.7581e+00 +3.1555e+00
1210 +2.171973899e+00 +2.171973899e+00 -2.383380261e+02 -2.383380261e+02 +3.1798e+00 +2.4993e+00
% function evaluation | noise-free fitness - Fopt (-1.896000000000e+01) | best noise-free fitness - Fopt | measured fitness | best measured fitness | x1 | x2...
1 +5.180709207e+01 +5.180709207e+01 +3.284709207e+01 +3.284709207e+01 +4.1355e+00 +3.7873e+00
3 +3.141115014e+01 +3.141115014e+01 +1.245115014e+01 +1.245115014e+01 +1.5662e+00 +2.1503e+00
4 +1.602752583e+01 +1.602752583e+01 -2.932474166e+00 -2.932474166e+00 +9.5940e-01 -3.9533e+00
10 +1.202646246e+01 +1.202646246e+01 -6.933537543e+00 -6.933537543e+00 +2.8958e+00 -4.7970e+00
50 +5.589016523e+00 +5.589016523e+00 -1.337098348e+01 -1.337098348e+01 -5.5191e-01 +1.8848e+00
157 +2.347260047e+00 +2.347260047e+00 -1.661273995e+01 -1.661273995e+01 +2.4389e+00 -2.9424e+00
% function evaluation | noise-free fitness - Fopt (7.708000000000e+01) | best noise-free fitness - Fopt | measured fitness | best measured fitness | x1 | x2...
1 +1.197928302e+01 +1.197928302e+01 +8.905928302e+01 +8.905928302e+01 +2.0380e+00 -5.5382e-01
37 +7.251010349e+00 +7.251010349e+00 +8.433101035e+01 +8.433101035e+01 +2.1079e+00 -1.9352e+00
173 +3.629966899e+00 +3.629966899e+00 +8.070996690e+01 +8.070996690e+01 +1.4087e+00 -3.1455e-01
433 +1.037373392e+00 +1.037373392e+00 +7.811737339e+01 +7.811737339e+01 +9.4658e-01 -1.6311e+00
1353 +3.617692512e-01 +3.617692512e-01 +7.744176925e+01 +7.744176925e+01 +1.2775e+00 -1.0306e+00
20453 +1.151114443e-01 +1.151114443e-01 +7.719511144e+01 +7.719511144e+01 +1.2637e+00 -1.1388e+00
82522 +4.644256295e-02 +4.644256295e-02 +7.712644256e+01 +7.712644256e+01 +1.2672e+00 -1.1451e+00
190152 +5.433917744e-03 +5.433917744e-03 +7.708543392e+01 +7.708543392e+01 +1.2503e+00 -1.2500e+00
% function evaluation | noise-free fitness - Fopt (-3.068400000000e+02) | best noise-free fitness - Fopt | measured fitness | best measured fitness | x1 | x2...
1 +5.481835196e+01 +5.481835196e+01 -2.520216480e+02 -2.520216480e+02 -3.7032e-01 +4.5125e+00
6 +3.211734214e+01 +3.211734214e+01 -2.747226579e+02 -2.747226579e+02 -3.6600e+00 +1.7273e-01
8 +2.083117869e+01 +2.083117869e+01 -2.860088213e+02 -2.860088213e+02 -1.9026e+00 +8.3522e-01
12 +1.903851517e+00 +1.903851517e+00 -3.049361485e+02 -3.049361485e+02 +9.6398e-01 +1.4658e+00
16366 +9.896257635e-01 +9.896257635e-01 -3.058503742e+02 -3.058503742e+02 +1.3914e+00 +1.1480e+00
19867 +3.265059394e-01 +3.265059394e-01 -3.065134941e+02 -3.065134941e+02 +1.2837e+00 +1.0578e+00
23931 +1.214471599e-01 +1.214471599e-01 -3.067185528e+02 -3.067185528e+02 +1.2506e+00 +1.2486e+00
54789 +2.285455781e-02 +2.285455781e-02 -3.068171454e+02 -3.068171454e+02 +1.2462e+00 +1.2505e+00
% function evaluation | noise-free fitness - Fopt (1.717600000000e+02) | best noise-free fitness - Fopt | measured fitness | best measured fitness | x1 | x2...
1 +3.665729685e+01 +3.665729685e+01 +2.084172968e+02 +2.084172968e+02 +2.7447e+00 -3.0133e+00
4 +2.027905003e+01 +2.027905003e+01 +1.920390500e+02 +1.920390500e+02 -1.3642e+00 -1.4271e+00
5 +1.438393494e+01 +1.438393494e+01 +1.861439349e+02 +1.861439349e+02 +2.2053e+00 +3.2560e+00
71 +8.167715634e+00 +8.167715634e+00 +1.799277156e+02 +1.799277156e+02 +4.1165e+00 +4.5591e+00
129 +3.972625962e+00 +3.972625962e+00 +1.757326260e+02 +1.757326260e+02 +2.2060e+00 +3.3598e+00
808 +2.439083729e+00 +2.439083729e+00 +1.741990837e+02 +1.741990837e+02 +2.2608e+00 +2.4466e+00
% function evaluation | noise-free fitness - Fopt (-1.763000000000e+01) | best noise-free fitness - Fopt | measured fitness | best measured fitness | x1 | x2...
1 +2.559926559e+01 +2.559926559e+01 +7.969265593e+00 +7.969265593e+00 -2.8096e+00 +2.6776e+00
7 +5.507193816e+00 +5.507193816e+00 -1.212280618e+01 -1.212280618e+01 -1.2550e+00 +2.5632e+00
223 +3.558885939e+00 +3.558885939e+00 -1.407111406e+01 -1.407111406e+01 +9.8244e-01 -6.0914e-01
251 +2.466798191e+00 +2.466798191e+00 -1.516320181e+01 -1.516320181e+01 +7.4504e-01 -1.6284e+00
1011 +6.807482153e-01 +6.807482153e-01 -1.694925178e+01 -1.694925178e+01 +1.1358e+00 -1.5735e+00
15938 +1.652978665e-01 +1.652978665e-01 -1.746470213e+01 -1.746470213e+01 +1.2931e+00 -1.3605e+00
18237 +5.960975171e-02 +5.960975171e-02 -1.757039025e+01 -1.757039025e+01 +1.2043e+00 -1.1432e+00
% function evaluation | noise-free fitness - Fopt (-5.858000000000e+01) | best noise-free fitness - Fopt | measured fitness | best measured fitness | x1 | x2...
1 +1.796373147e+01 +1.796373147e+01 -4.061626853e+01 -4.061626853e+01 -1.1387e-01 -2.0241e+00
4 +7.176657602e+00 +7.176657602e+00 -5.140334240e+01 -5.140334240e+01 +1.8454e+00 +4.9466e+00
115 +2.800233823e+00 +2.800233823e+00 -5.577976618e+01 -5.577976618e+01 -9.2719e-01 -1.9871e+00
544 +1.319408014e+00 +1.319408014e+00 -5.726059199e+01 -5.726059199e+01 -1.2285e+00 -1.0121e+00
1359 +3.768832895e-01 +3.768832895e-01 -5.820311671e+01 -5.820311671e+01 -1.4271e+00 -1.1628e+00
4210 +1.690999272e-01 +1.690999272e-01 -5.841090007e+01 -5.841090007e+01 -1.3493e+00 -1.3340e+00
8349 +1.447730718e-01 +1.447730718e-01 -5.843522693e+01 -5.843522693e+01 -1.3488e+00 -1.3267e+00
29119 +7.723001804e-02 +7.723001804e-02 -5.850276998e+01 -5.850276998e+01 -1.1522e+00 -1.1628e+00
66328 +2.711229891e-02 +2.711229891e-02 -5.855288770e+01 -5.855288770e+01 -1.2489e+00 -1.2557e+00
85069 +1.101853141e-02 +1.101853141e-02 -5.856898147e+01 -5.856898147e+01 -1.2492e+00 -1.2528e+00
194929 +6.451394306e-03 +6.451394306e-03 -5.857354861e+01 -5.857354861e+01 -1.2495e+00 -1.2528e+00
% function evaluation | noise-free fitness - Fopt (-6.010000000000e+01) | best noise-free fitness - Fopt | measured fitness | best measured fitness | x1 | x2...
1 +3.385606650e+01 +3.385606650e+01 -2.624393350e+01 -2.624393350e+01 +9.2873e-01 -3.4218e+00
6 +2.468424882e+01 +2.468424882e+01 -3.541575118e+01 -3.541575118e+01 +6.8302e-01 +1.5073e+00
8 +7.085781852e+00 +7.085781852e+00 -5.301421815e+01 -5.301421815e+01 -3.5319e+00 -3.7859e+00
107 +6.233340425e+00 +6.233340425e+00 -5.386665958e+01 -5.386665958e+01 -1.8978e+00 -3.1155e+00
234 +2.941765997e+00 +2.941765997e+00 -5.715823400e+01 -5.715823400e+01 -3.6969e+00 -2.6832e+00
2487 +2.207829854e+00 +2.207829854e+00 -5.789217015e+01 -5.789217015e+01 -2.6028e+00 -2.7111e+00
% function evaluation | noise-free fitness - Fopt (1.489000000000e+01) | best noise-free fitness - Fopt | measured fitness | best measured fitness | x1 | x2...
1 +5.247185285e+01 +5.247185285e+01 +6.736185285e+01 +6.736185285e+01 +3.6939e+00 -2.3112e+00
2 +2.966678792e+01 +2.966678792e+01 +4.455678792e+01 +4.455678792e+01 -2.8929e+00 +2.7941e+00
14 +2.017168195e+01 +2.017168195e+01 +3.506168195e+01 +3.506168195e+01 +1.3518e+00 -2.9255e+00
78 +1.381111510e+01 +1.381111510e+01 +2.870111510e+01 +2.870111510e+01 +8.0057e-01 +1.4542e+00
117 +9.273662071e+00 +9.273662071e+00 +2.416366207e+01 +2.416366207e+01 -2.7205e+00 +6.0130e-01
388 +4.150112613e+00 +4.150112613e+00 +1.904011261e+01 +1.904011261e+01 -4.6604e+00 +3.1087e+00
649 +3.766753452e+00 +3.766753452e+00 +1.865675345e+01 +1.865675345e+01 -3.7743e+00 +3.3665e+00
1288 +2.361278833e+00 +2.361278833e+00 +1.725127883e+01 +1.725127883e+01 -3.5502e+00 +3.1087e+00
% function evaluation | noise-free fitness - Fopt (3.193500000000e+02) | best noise-free fitness - Fopt | measured fitness | best measured fitness | x1 | x2...
1 +2.327005062e+01 +2.327005062e+01 +3.426200506e+02 +3.426200506e+02 +2.5880e+00 -7.9531e-01
12 +7.079303591e+00 +7.079303591e+00 +3.264293036e+02 +3.264293036e+02 -3.9950e+00 +1.0983e+00
222 +5.357779555e+00 +5.357779555e+00 +3.247077796e+02 +3.247077796e+02 -4.9720e+00 +1.8033e+00
350 +2.675264969e+00 +2.675264969e+00 +3.220252650e+02 +3.220252650e+02 -3.0637e+00 +2.8013e+00
401 +2.370173607e+00 +2.370173607e+00 +3.217201736e+02 +3.217201736e+02 -3.5143e+00 +2.6867e+00
% function evaluation | noise-free fitness - Fopt (-1.315700000000e+02) | best noise-free fitness - Fopt | measured fitness | best measured fitness | x1 | x2...
1 +3.339214416e+01 +3.339214416e+01 -9.817785584e+01 -9.817785584e+01 +1.0871e+00 -4.3408e+00
9 +1.146370608e+01 +1.146370608e+01 -1.201062939e+02 -1.201062939e+02 +9.1622e-01 -2.4838e+00
10 +8.365958609e+00 +8.365958609e+00 -1.232040414e+02 -1.232040414e+02 +6.4917e-01 +2.0980e+00
191 +5.490578720e+00 +5.490578720e+00 -1.260794213e+02 -1.260794213e+02 +1.2580e+00 +1.2239e+00
327 +3.728495566e+00 +3.728495566e+00 -1.278415044e+02 -1.278415044e+02 -2.6275e+00 -3.5218e+00
2093 +2.383478250e+00 +2.383478250e+00 -1.291865217e+02 -1.291865217e+02 +1.5262e+00 +1.2985e+00
2217 +7.173871990e-01 +7.173871990e-01 -1.308526128e+02 -1.308526128e+02 +1.4096e+00 +1.3355e+00
10382 +2.457286995e-01 +2.457286995e-01 -1.313242713e+02 -1.313242713e+02 +1.3829e+00 +1.1822e+00
26052 +9.309457283e-02 +9.309457283e-02 -1.314769054e+02 -1.314769054e+02 +1.3839e+00 +1.1783e+00
131071 +4.409860393e-02 +4.409860393e-02 -1.315259014e+02 -1.315259014e+02 +1.2472e+00 +1.2549e+00
152491 +2.304972033e-02 +2.304972033e-02 -1.315469503e+02 -1.315469503e+02 +1.2472e+00 +1.2544e+00
% function evaluation | noise-free fitness - Fopt (-1.505600000000e+02) | best noise-free fitness - Fopt | measured fitness | best measured fitness | x1 | x2...
1 +3.320177318e+01 +3.320177318e+01 -1.173582268e+02 -1.173582268e+02 -1.2663e+00 -4.5332e+00
6 +6.440689707e+00 +6.440689707e+00 -1.441193103e+02 -1.441193103e+02 -1.7431e+00 +5.7710e-01
17 +5.704311652e+00 +5.704311652e+00 -1.448556883e+02 -1.448556883e+02 +4.5315e+00 -2.9201e+00
93 +3.075353439e+00 +3.075353439e+00 -1.474846466e+02 -1.474846466e+02 +1.7499e+00 -2.9091e+00
2268 +2.243620970e+00 +2.243620970e+00 -1.483163790e+02 -1.483163790e+02 +2.8949e+00 -2.4791e+00
% function evaluation | noise-free fitness - Fopt (-6.851600000000e+02) | best noise-free fitness - Fopt | measured fitness | best measured fitness | x1 | x2...
1 +5.991463917e+01 +5.991463917e+01 -6.252453608e+02 -6.252453608e+02 +1.7981e+00 -2.6522e+00
4 +3.532520175e+01 +3.532520175e+01 -6.498347982e+02 -6.498347982e+02 +4.8141e+00 +8.3428e-01
5 +2.430583160e+01 +2.430583160e+01 -6.608541684e+02 -6.608541684e+02 +1.0327e+00 +2.1109e+00
22 +1.474506142e+01 +1.474506142e+01 -6.704149386e+02 -6.704149386e+02 +4.9869e+00 -8.4422e-01
27 +1.656845797e+00 +1.656845797e+00 -6.835031542e+02 -6.835031542e+02 -1.3054e+00 -1.4247e+00
1183 +1.447749962e+00 +1.447749962e+00 -6.837122500e+02 -6.837122500e+02 -9.0707e-01 -1.2612e+00
2018 +9.987387631e-01 +9.987387631e-01 -6.841612612e+02 -6.841612612e+02 -1.5104e+00 -1.2673e+00
10009 +3.168718485e-01 +3.168718485e-01 -6.848431282e+02 -6.848431282e+02 -1.4988e+00 -1.3002e+00
18895 +1.863625208e-01 +1.863625208e-01 -6.849736375e+02 -6.849736375e+02 -1.2103e+00 -1.0415e+00
98765 +1.896807390e-02 +1.896807390e-02 -6.851410319e+02 -6.851410319e+02 -1.2492e+00 -1.2507e+00
99385 +5.892708655e-03 +5.892708655e-03 -6.851541073e+02 -6.851541073e+02 -1.2495e+00 -1.2507e+00
% function evaluation | noise-free fitness - Fopt (-8.468100000000e+02) | best noise-free fitness - Fopt | measured fitness | best measured fitness | x1 | x2...
1 +4.123975351e+01 +4.123975351e+01 -8.055702465e+02 -8.055702465e+02 -1.8886e+00 -2.7019e+00
3 +2.322490659e+01 +2.322490659e+01 -8.235850934e+02 -8.235850934e+02 +9.8581e-01 +3.6104e+00
5 +1.104207759e+01 +1.104207759e+01 -8.357679224e+02 -8.357679224e+02 +4.0035e+00 +8.7122e-01
56 +9.379958692e+00 +9.379958692e+00 -8.374300413e+02 -8.374300413e+02 +1.4764e+00 +4.9647e+00
168 +3.039272903e+00 +3.039272903e+00 -8.437707271e+02 -8.437707271e+02 +2.5638e+00 +3.9250e+00
2044 +2.214837285e+00 +2.214837285e+00 -8.445951627e+02 -8.445951627e+02 +3.1140e+00 +3.2902e+00
% function evaluation | noise-free fitness - Fopt (1.363000000000e+01) | best noise-free fitness - Fopt | measured fitness | best measured fitness | x1 | x2...
1 +3.602788814e+01 +3.602788814e+01 +4.965788814e+01 +4.965788814e+01 -3.0650e-01 +1.7029e+00
2 +1.321589138e+01 +1.321589138e+01 +2.684589138e+01 +2.684589138e+01 -1.9801e+00 -1.6487e+00
13 +8.968453029e+00 +8.968453029e+00 +2.259845303e+01 +2.259845303e+01 +3.0749e+00 -3.2729e-01
147 +5.689401993e+00 +5.689401993e+00 +1.931940199e+01 +1.931940199e+01 +2.6490e+00 +1.5206e+00
243 +3.727270282e+00 +3.727270282e+00 +1.735727028e+01 +1.735727028e+01 +4.4844e+00 +2.8957e+00
3257 +2.128558554e+00 +2.128558554e+00 +1.575855855e+01 +1.575855855e+01 +2.6264e+00 +2.6996e+00
% function evaluation | noise-free fitness - Fopt (-3.718000000000e+01) | best noise-free fitness - Fopt | measured fitness | best measured fitness | x1 | x2...
1 +1.786120185e+01 +1.786120185e+01 -1.931879815e+01 -1.931879815e+01 +2.0138e+00 +1.4122e+00
7 +4.244892082e+00 +4.244892082e+00 -3.293510792e+01 -3.293510792e+01 -1.8838e+00 -1.6283e+00
166 +2.842613526e+00 +2.842613526e+00 -3.433738647e+01 -3.433738647e+01 -3.8600e+00 -3.4986e+00
343 +1.881291459e+00 +1.881291459e+00 -3.529870854e+01 -3.529870854e+01 +1.5248e+00 +1.5386e+00
1822 +1.492222941e+00 +1.492222941e+00 -3.568777706e+01 -3.568777706e+01 +8.5989e-01 +1.7081e+00
3796 +9.844676991e-01 +9.844676991e-01 -3.619553230e+01 -3.619553230e+01 +1.1557e+00 +7.7439e-01
5163 +5.662061290e-01 +5.662061290e-01 -3.661379387e+01 -3.661379387e+01 +1.5501e+00 +1.4203e+00
5367 +3.627642268e-01 +3.627642268e-01 -3.681723577e+01 -3.681723577e+01 +1.2756e+00 +1.1029e+00
19547 +1.873243663e-01 +1.873243663e-01 -3.699267563e+01 -3.699267563e+01 +1.2526e+00 +1.2573e+00
50224 +1.110467245e-01 +1.110467245e-01 -3.706895328e+01 -3.706895328e+01 +1.0899e+00 +1.2505e+00
100313 +8.549796038e-02 +8.549796038e-02 -3.709450204e+01 -3.709450204e+01 +1.2482e+00 +1.2399e+00
109216 +4.789252016e-02 +4.789252016e-02 -3.713210748e+01 -3.713210748e+01 +1.2505e+00 +1.2560e+00
169004 +3.054313355e-02 +3.054313355e-02 -3.714945687e+01 -3.714945687e+01 +1.2495e+00 +1.2505e+00
% function evaluation | noise-free fitness - Fopt (2.275200000000e+02) | best noise-free fitness - Fopt | measured fitness | best measured fitness | x1 | x2...
1 +4.025362757e+01 +4.025362757e+01 +2.677736276e+02 +2.677736276e+02 -3.6023e+00 +4.6384e+00
2 +3.257951101e+01 +3.257951101e+01 +2.600995110e+02 +2.600995110e+02 -4.9223e+00 -1.9432e+00
6 +2.441104743e+01 +2.441104743e+01 +2.519310474e+02 +2.519310474e+02 -5.6404e-01 +1.8347e+00
7 +7.354015737e+00 +7.354015737e+00 +2.348740157e+02 +2.348740157e+02 -2.2383e+00 +3.3668e+00
101 +5.897209486e+00 +5.897209486e+00 +2.334172095e+02 +2.334172095e+02 -3.4633e+00 +3.2823e+00
136 +3.472476192e+00 +3.472476192e+00 +2.309924762e+02 +2.309924762e+02 -2.8699e+00 +2.0678e+00
204 +2.471944940e+00 +2.471944940e+00 +2.299919449e+02 +2.299919449e+02 -3.4301e+00 +3.5734e+00
% function evaluation | noise-free fitness - Fopt (6.370000000000e+00) | best noise-free fitness - Fopt | measured fitness | best measured fitness | x1 | x2...
1 +1.000374029e+04 +1.000374029e+04 +1.001011029e+04 +1.001011029e+04 +5.4995e+00 -5.8622e+00
2 +4.394025774e+01 +4.394025774e+01 +5.031025774e+01 +5.031025774e+01 -2.3167e+00 +3.3923e+00
3 +3.734954441e+01 +3.734954441e+01 +4.371954441e+01 +4.371954441e+01 -3.4117e+00 +2.0596e+00
6 +1.451490597e+01 +1.451490597e+01 +2.088490597e+01 +2.088490597e+01 -1.5860e+00 -3.3147e+00
30 +4.605121831e+00 +4.605121831e+00 +1.097512183e+01 +1.097512183e+01 -1.9341e+00 -4.4927e+00
288 +3.738340761e+00 +3.738340761e+00 +1.010834076e+01 +1.010834076e+01 -3.8322e+00 -3.7014e+00
2178 +2.306251526e+00 +2.306251526e+00 +8.676251526e+00 +8.676251526e+00 -2.8127e+00 -2.9223e+00
% function evaluation | noise-free fitness - Fopt (-1.082600000000e+02) | best noise-free fitness - Fopt | measured fitness | best measured fitness | x1 | x2...
1 +1.196648991e+02 +1.196648991e+02 +1.140489906e+01 +1.140489906e+01 +1.0107e+00 +5.0548e+00
2 +7.641505927e+01 +7.641505927e+01 -3.184494073e+01 -3.184494073e+01 +4.9601e+00 -4.7298e+00
3 +3.888147654e+01 +3.888147654e+01 -6.937852346e+01 -6.937852346e+01 +2.5044e+00 -9.6202e-01
8 +2.246940053e+01 +2.246940053e+01 -8.579059947e+01 -8.579059947e+01 -1.4482e+00 -3.9357e+00
22 +1.034461909e+01 +1.034461909e+01 -9.791538091e+01 -9.791538091e+01 +1.1902e+00 +7.3094e-01
44 +9.069641900e+00 +9.069641900e+00 -9.919035810e+01 -9.919035810e+01 -1.7409e+00 -4.6038e-01
80 +5.159967373e+00 +5.159967373e+00 -1.031000326e+02 -1.031000326e+02 -2.7715e+00 -2.9453e+00
285 +3.770283839e+00 +3.770283839e+00 -1.044897162e+02 -1.044897162e+02 -3.2462e+00 -1.9787e+00
603 +9.810359563e-01 +9.810359563e-01 -1.072789640e+02 -1.072789640e+02 +1.0319e+00 +1.1823e+00
4060 +1.103468532e-01 +1.103468532e-01 -1.081496531e+02 -1.081496531e+02 +1.2561e+00 +1.2412e+00
132473 +7.261281611e-02 +7.261281611e-02 -1.081873872e+02 -1.081873872e+02 +1.1461e+00 +1.2047e+00
188295 +5.259327449e-02 +5.259327449e-02 -1.082074067e+02 -1.082074067e+02 +1.3558e+00 +1.2914e+00
% function evaluation | noise-free fitness - Fopt (-1.000000000000e+03) | best noise-free fitness - Fopt | measured fitness | best measured fitness | x1 | x2...
1 +4.655602803e+01 +4.655602803e+01 -9.534439720e+02 -9.534439720e+02 +1.7224e+00 +1.9214e+00
5 +3.244611176e+01 +3.244611176e+01 -9.675538882e+02 -9.675538882e+02 +3.7691e+00 +2.3766e+00
7 +1.309581534e+01 +1.309581534e+01 -9.869041847e+02 -9.869041847e+02 -6.0027e-01 +1.6001e+00
14 +7.275740306e+00 +7.275740306e+00 -9.927242597e+02 -9.927242597e+02 -3.2561e+00 +2.5051e+00
180 +4.932272391e+00 +4.932272391e+00 -9.950677276e+02 -9.950677276e+02 -2.0962e+00 +3.3280e+00
225 +3.950319381e+00 +3.950319381e+00 -9.960496806e+02 -9.960496806e+02 -3.2199e+00 +3.8867e+00
1180 +2.282858883e+00 +2.282858883e+00 -9.977171411e+02 -9.977171411e+02 -2.9233e+00 +2.8129e+00
1324 +6.172600994e-01 +6.172600994e-01 -9.993827399e+02 -9.993827399e+02 +1.2615e+00 -1.0112e+00
20381 +3.504189279e-01 +3.504189279e-01 -9.996495811e+02 -9.996495811e+02 +1.4670e+00 -1.3680e+00
24781 +2.414575046e-01 +2.414575046e-01 -9.997585425e+02 -9.997585425e+02 +1.0368e+00 -1.1389e+00
30188 +8.431461270e-02 +8.431461270e-02 -9.999156854e+02 -9.999156854e+02 +1.1473e+00 -1.1989e+00
% function evaluation | noise-free fitness - Fopt (-8.434000000000e+01) | best noise-free fitness - Fopt | measured fitness | best measured fitness | x1 | x2...
1 +3.459763716e+01 +3.459763716e+01 -4.974236284e+01 -4.974236284e+01 +1.7342e+00 -3.1590e+00
2 +2.357285856e+01 +2.357285856e+01 -6.076714144e+01 -6.076714144e+01 -8.2930e-01 +1.0072e+00
17 +9.968883216e+00 +9.968883216e+00 -7.437111678e+01 -7.437111678e+01 +2.4689e+00 -3.2656e-01
166 +4.987232652e+00 +4.987232652e+00 -7.935276735e+01 -7.935276735e+01 +4.1894e+00 -3.5044e+00
298 +2.263024761e+00 +2.263024761e+00 -8.207697524e+01 -8.207697524e+01 -1.1785e+00 +8.1999e-01
4661 +9.033300998e-01 +9.033300998e-01 -8.343666990e+01 -8.343666990e+01 -1.0766e+00 +8.6294e-01
23797 +4.652290300e-01 +4.652290300e-01 -8.387477097e+01 -8.387477097e+01 -1.2275e+00 +1.4840e+00
27609 +1.134798345e-02 +1.134798345e-02 -8.432865202e+01 -8.432865202e+01 -1.2480e+00 +1.2471e+00
186680 +7.718230899e-03 +7.718230899e-03 -8.433228177e+01 -8.433228177e+01 -1.2512e+00 +1.2520e+00
% function evaluation | noise-free fitness - Fopt (7.213000000000e+01) | best noise-free fitness - Fopt | measured fitness | best measured fitness | x1 | x2...
1 +3.913362721e+01 +3.913362721e+01 +1.112636272e+02 +1.112636272e+02 +1.2726e+00 -3.0219e+00
6 +2.046607354e+01 +2.046607354e+01 +9.259607354e+01 +9.259607354e+01 +3.2917e+00 +1.9915e+00
10 +1.026671977e+01 +1.026671977e+01 +8.239671977e+01 +8.239671977e+01 +2.1728e+00 +2.4275e+00
46 +5.837120676e+00 +5.837120676e+00 +7.796712068e+01 +7.796712068e+01 +6.2458e-01 +1.5710e+00
63 +4.440430147e-01 +4.440430147e-01 +7.257404301e+01 +7.257404301e+01 +1.5286e+00 +1.1812e+00
1248 +3.599823008e-01 +3.599823008e-01 +7.248998230e+01 +7.248998230e+01 +1.3865e+00 +1.1305e+00
6663 +1.979567390e-01 +1.979567390e-01 +7.232795674e+01 +7.232795674e+01 +1.1173e+00 +1.3724e+00
37098 +1.507769989e-01 +1.507769989e-01 +7.228077700e+01 +7.228077700e+01 +1.2296e+00 +1.0669e+00
195929 +6.196534691e-02 +6.196534691e-02 +7.219196535e+01 +7.219196535e+01 +1.2499e+00 +1.2487e+00
% function evaluation | noise-free fitness - Fopt (-1.338000000000e+02) | best noise-free fitness - Fopt | measured fitness | best measured fitness | x1 | x2...
1 +2.769209970e+01 +2.769209970e+01 -1.061079003e+02 -1.061079003e+02 +4.9695e+00 -3.4728e+00
2 +1.514051997e+01 +1.514051997e+01 -1.186594800e+02 -1.186594800e+02 +4.7216e+00 -2.8245e+00
17 +9.096848124e+00 +9.096848124e+00 -1.247031519e+02 -1.247031519e+02 +2.4507e+00 -1.1021e+00
89 +6.161499501e+00 +6.161499501e+00 -1.276385005e+02 -1.276385005e+02 +3.6434e+00 -1.3703e+00
242 +2.652123145e+00 +2.652123145e+00 -1.311478769e+02 -1.311478769e+02 +3.1384e+00 -3.9233e+00
792 +2.368565597e+00 +2.368565597e+00 -1.314314344e+02 -1.314314344e+02 +3.1152e+00 -2.9147e+00
% function evaluation | noise-free fitness - Fopt (1.955000000000e+01) | best noise-free fitness - Fopt | measured fitness | best measured fitness | x1 | x2...
1 +4.813470135e+00 +4.813470135e+00 +2.436347013e+01 +2.436347013e+01 +2.7346e+00 -2.5533e+00
44 +3.563127935e+00 +3.563127935e+00 +2.311312793e+01 +2.311312793e+01 +3.1976e+00 -4.1391e+00
869 +2.472161554e+00 +2.472161554e+00 +2.202216155e+01 +2.202216155e+01 +3.1164e+00 -3.4374e+00
% function evaluation | noise-free fitness - Fopt (-1.307000000000e+01) | best noise-free fitness - Fopt | measured fitness | best measured fitness | x1 | x2...
1 +5.908727080e+03 +5.908727080e+03 +5.895657080e+03 +5.895657080e+03 -5.7672e+00 +2.4157e+00
2 +3.141162697e+01 +3.141162697e+01 +1.834162697e+01 +1.834162697e+01 +2.8240e+00 +2.6838e+00
3 +1.463551223e+01 +1.463551223e+01 +1.565512233e+00 +1.565512233e+00 -1.2747e+00 +4.3648e+00
39 +9.305590148e+00 +9.305590148e+00 -3.764409852e+00 -3.764409852e+00 -8.2493e-01 +2.3363e+00
47 +1.919135895e+00 +1.919135895e+00 -1.115086411e+01 -1.115086411e+01 +9.8568e-01 -1.1192e+00
7015 +1.372336442e+00 +1.372336442e+00 -1.169766356e+01 -1.169766356e+01 +1.6076e+00 -1.2418e+00
14424 +8.778850091e-01 +8.778850091e-01 -1.219211499e+01 -1.219211499e+01 +1.0677e+00 -1.2250e+00
14944 +3.679367310e-01 +3.679367310e-01 -1.270206327e+01 -1.270206327e+01 +1.0677e+00 -1.2513e+00
21835 +1.857469136e-01 +1.857469136e-01 -1.288425309e+01 -1.288425309e+01 +1.4293e+00 -1.2418e+00
28751 +1.131431463e-01 +1.131431463e-01 -1.295685685e+01 -1.295685685e+01 +1.2501e+00 -1.2602e+00
43688 +5.208942993e-02 +5.208942993e-02 -1.301791057e+01 -1.301791057e+01 +1.2500e+00 -1.2567e+00
113311 +3.047339626e-02 +3.047339626e-02 -1.303952660e+01 -1.303952660e+01 +1.2501e+00 -1.2555e+00
133535 +1.376874759e-04 +1.376874759e-04 -1.306986231e+01 -1.306986231e+01 +1.2500e+00 -1.2498e+00
% function evaluation | noise-free fitness - Fopt (7.965000000000e+01) | best noise-free fitness - Fopt | measured fitness | best measured fitness | x1 | x2...
1 +2.791884815e+01 +2.791884815e+01 +1.075688481e+02 +1.075688481e+02 +1.6540e+00 +2.0526e-01
2 +2.279618326e+01 +2.279618326e+01 +1.024461833e+02 +1.024461833e+02 -1.9507e+00 -1.1758e+00
13 +1.242057007e+01 +1.242057007e+01 +9.207057007e+01 +9.207057007e+01 +2.4601e+00 +1.9662e+00
51 +8.895057497e+00 +8.895057497e+00 +8.854505750e+01 +8.854505750e+01 +1.7765e+00 +9.0389e-01
140 +5.644152267e+00 +5.644152267e+00 +8.529415227e+01 +8.529415227e+01 -1.0027e+00 -3.7762e+00
361 +3.389730053e+00 +3.389730053e+00 +8.303973005e+01 +8.303973005e+01 +1.8536e+00 +6.1095e-01
2696 +2.468883945e+00 +2.468883945e+00 +8.211888395e+01 +8.211888395e+01 -2.8934e+00 -3.0148e+00
% function evaluation | noise-free fitness - Fopt (1.160000000000e+00) | best noise-free fitness - Fopt | measured fitness | best measured fitness | x1 | x2...
1 +2.003621816e+01 +2.003621816e+01 +2.119621816e+01 +2.119621816e+01 -2.3666e+00 -2.1497e+00
8 +8.898526922e+00 +8.898526922e+00 +1.005852692e+01 +1.005852692e+01 -2.6746e+00 +2.5374e+00
112 +3.970689697e+00 +3.970689697e+00 +5.130689697e+00 +5.130689697e+00 -3.0831e+00 +3.3154e+00
843 +2.347765319e+00 +2.347765319e+00 +3.507765319e+00 +3.507765319e+00 -2.6844e+00 +2.5706e+00
% function evaluation | noise-free fitness - Fopt (2.407100000000e+02) | best noise-free fitness - Fopt | measured fitness | best measured fitness | x1 | x2...
1 +7.303739065e+01 +7.303739065e+01 +3.137473906e+02 +3.137473906e+02 -1.4995e+00 -4.3514e+00
2 +4.985096061e+01 +4.985096061e+01 +2.905609606e+02 +2.905609606e+02 +7.8163e-01 -3.1964e+00
8 +3.650806496e+01 +3.650806496e+01 +2.772180650e+02 +2.772180650e+02 +3.1814e+00 +8.0138e-02
19 +2.490456062e+01 +2.490456062e+01 +2.656145606e+02 +2.656145606e+02 -2.0350e+00 -1.1573e+00
40 +1.041037772e+01 +1.041037772e+01 +2.511203777e+02 +2.511203777e+02 +1.3605e-01 +4.4685e+00
48 +5.435615069e+00 +5.435615069e+00 +2.461456151e+02 +2.461456151e+02 +1.8037e+00 -2.2143e+00
296 +2.501884667e+00 +2.501884667e+00 +2.432118847e+02 +2.432118847e+02 +1.0115e+00 -1.9945e+00
3657 +1.445190701e+00 +1.445190701e+00 +2.421551907e+02 +2.421551907e+02 +1.3509e+00 -1.5587e+00
4520 +4.353112799e-01 +4.353112799e-01 +2.411453113e+02 +2.411453113e+02 +1.3178e+00 -1.2318e+00
16594 +3.161430167e-01 +3.161430167e-01 +2.410261430e+02 +2.410261430e+02 +1.1211e+00 -1.2847e+00
34780 +1.720807614e-01 +1.720807614e-01 +2.408820808e+02 +2.408820808e+02 +1.3178e+00 -1.2360e+00
44520 +1.272268217e-01 +1.272268217e-01 +2.408372268e+02 +2.408372268e+02 +1.3225e+00 -1.2360e+00
47180 +9.946368328e-02 +9.946368328e-02 +2.408094637e+02 +2.408094637e+02 +1.2427e+00 -1.2462e+00
76375 +5.329467355e-02 +5.329467355e-02 +2.407632947e+02 +2.407632947e+02 +1.2560e+00 -1.2543e+00
174968 +2.892089066e-02 +2.892089066e-02 +2.407389209e+02 +2.407389209e+02 +1.2551e+00 -1.2532e+00
% function evaluation | noise-free fitness - Fopt (-2.707900000000e+02) | best noise-free fitness - Fopt | measured fitness | best measured fitness | x1 | x2...
1 +4.053366113e+01 +4.053366113e+01 -2.302563389e+02 -2.302563389e+02 +1.9048e+00 -3.4453e+00
5 +1.993921662e+01 +1.993921662e+01 -2.508507834e+02 -2.508507834e+02 +1.7372e+00 -1.3656e+00
25 +9.349226872e+00 +9.349226872e+00 -2.614407731e+02 -2.614407731e+02 -1.1818e+00 -1.0006e-01
146 +2.028592011e+00 +2.028592011e+00 -2.687614080e+02 -2.687614080e+02 -1.5911e+00 +1.8688e+00
3064 +5.793061721e-01 +5.793061721e-01 -2.702106938e+02 -2.702106938e+02 -1.2643e+00 +1.2307e+00
3944 +3.540287794e-01 +3.540287794e-01 -2.704359712e+02 -2.704359712e+02 -1.2629e+00 +1.2358e+00
10594 +1.072366954e-01 +1.072366954e-01 -2.706827633e+02 -2.706827633e+02 -1.4015e+00 +1.2230e+00
11724 +5.671532721e-02 +5.671532721e-02 -2.707332847e+02 -2.707332847e+02 -1.3254e+00 +1.2358e+00
37184 +3.966263389e-02 +3.966263389e-02 -2.707503374e+02 -2.707503374e+02 -1.3254e+00 +1.2361e+00
140332 +1.142947149e-02 +1.142947149e-02 -2.707785705e+02 -2.707785705e+02 -1.2502e+00 +1.2491e+00
169250 +4.514387769e-03 +4.514387769e-03 -2.707854856e+02 -2.707854856e+02 -1.2508e+00 +1.2494e+00
170232 +2.232706408e-03 +2.232706408e-03 -2.707877673e+02 -2.707877673e+02 -1.2505e+00 +1.2491e+00
% function evaluation | noise-free fitness - Fopt (2.612000000000e+01) | best noise-free fitness - Fopt | measured fitness | best measured fitness | x1 | x2...
1 +4.071165178e+01 +4.071165178e+01 +6.683165178e+01 +6.683165178e+01 +4.4870e-02 +4.0098e+00
2 +3.433200203e+01 +3.433200203e+01 +6.045200203e+01 +6.045200203e+01 -3.1429e+00 +3.4736e+00
15 +2.255665623e+01 +2.255665623e+01 +4.867665623e+01 +4.867665623e+01 -3.1752e+00 +3.9348e-01
25 +1.322475974e+01 +1.322475974e+01 +3.934475974e+01 +3.934475974e+01 -1.0145e+00 +5.2285e-01
45 +7.517665897e+00 +7.517665897e+00 +3.363766590e+01 +3.363766590e+01 -4.2477e+00 +5.2285e-01
123 +2.076949804e+00 +2.076949804e+00 +2.819694980e+01 +2.819694980e+01 -2.6064e+00 +2.8463e+00
% function evaluation | noise-free fitness - Fopt (-6.252000000000e+01) | best noise-free fitness - Fopt | measured fitness | best measured fitness | x1 | x2...
1 +3.556131305e+01 +3.556131305e+01 -2.695868695e+01 -2.695868695e+01 +8.8662e-01 +2.9246e+00
5 +2.203745686e+01 +2.203745686e+01 -4.048254314e+01 -4.048254314e+01 -3.3118e-01 +3.2053e+00
6 +1.128517374e+01 +1.128517374e+01 -5.123482626e+01 -5.123482626e+01 -4.8687e-01 +1.4248e+00
25 +6.789693273e+00 +6.789693273e+00 -5.573030673e+01 -5.573030673e+01 -2.0356e+00 +1.0204e+00
144 +1.766653012e+00 +1.766653012e+00 -6.075334699e+01 -6.075334699e+01 -1.0205e+00 +1.7678e+00
566 +9.911800194e-01 +9.911800194e-01 -6.152881998e+01 -6.152881998e+01 -1.1362e+00 +9.8110e-01
930 +5.868154247e-01 +5.868154247e-01 -6.193318458e+01 -6.193318458e+01 -9.5649e-01 +1.0238e+00
12030 +3.023544125e-01 +3.023544125e-01 -6.221764559e+01 -6.221764559e+01 -1.0702e+00 +1.4524e+00
14152 +1.068837974e-01 +1.068837974e-01 -6.241311620e+01 -6.241311620e+01 -1.2654e+00 +1.0924e+00
55520 +4.227294062e-02 +4.227294062e-02 -6.247772706e+01 -6.247772706e+01 -1.2464e+00 +1.2493e+00
106946 +3.880580103e-02 +3.880580103e-02 -6.248119420e+01 -6.248119420e+01 -1.2547e+00 +1.2496e+00
% function evaluation | noise-free fitness - Fopt (-2.438600000000e+02) | best noise-free fitness - Fopt | measured fitness | best measured fitness | x1 | x2...
1 +2.047137045e+01 +2.047137045e+01 -2.233886296e+02 -2.233886296e+02 -3.3445e+00 -1.4215e+00
28 +4.785499277e+00 +4.785499277e+00 -2.390745007e+02 -2.390745007e+02 +1.1795e+00 +1.2375e+00
346 +3.888258561e+00 +3.888258561e+00 -2.399717414e+02 -2.399717414e+02 -2.4912e+00 -1.7055e+00
1131 +1.002657846e+00 +1.002657846e+00 -2.428573422e+02 -2.428573422e+02 +1.2691e+00 +1.0296e+00
8271 +4.903790747e-01 +4.903790747e-01 -2.433696209e+02 -2.433696209e+02 +1.2691e+00 +1.1383e+00
13635 +3.963191007e-01 +3.963191007e-01 -2.434636809e+02 -2.434636809e+02 +1.0301e+00 +1.0436e+00
21592 +1.862115847e-01 +1.862115847e-01 -2.436737884e+02 -2.436737884e+02 +1.2350e+00 +1.2485e+00
50092 +9.379108745e-02 +9.379108745e-02 -2.437662089e+02 -2.437662089e+02 +1.2395e+00 +1.2485e+00
107752 +3.980036657e-02 +3.980036657e-02 -2.438201996e+02 -2.438201996e+02 +1.2454e+00 +1.2500e+00
162352 +3.306457392e-03 +3.306457392e-03 -2.438566935e+02 -2.438566935e+02 +1.2486e+00 +1.2500e+00
% function evaluation | noise-free fitness - Fopt (-9.475000000000e+02) | best noise-free fitness - Fopt | measured fitness | best measured fitness | x1 | x2...
1 +3.855377954e+01 +3.855377954e+01 -9.089462205e+02 -9.089462205e+02 +1.2947e-01 +7.4243e-01
6 +1.390550638e+01 +1.390550638e+01 -9.335944936e+02 -9.335944936e+02 -2.2060e-01 -4.2185e+00
58 +5.673245296e+00 +5.673245296e+00 -9.418267547e+02 -9.418267547e+02 +7.8762e-01 +1.8220e+00
235 +3.666489878e+00 +3.666489878e+00 -9.438335101e+02 -9.438335101e+02 +1.4220e+00 +2.0466e+00
382 +1.559157699e+00 +1.559157699e+00 -9.459408423e+02 -9.459408423e+02 +1.2643e+00 +9.9373e-01
1822 +7.988794737e-01 +7.988794737e-01 -9.467011205e+02 -9.467011205e+02 +1.2643e+00 +1.2300e+00
11191 +2.322727893e-01 +2.322727893e-01 -9.472677272e+02 -9.472677272e+02 +1.3177e+00 +1.3440e+00
15109 +6.792190042e-02 +6.792190042e-02 -9.474320781e+02 -9.474320781e+02 +1.3236e+00 +1.3364e+00
109283 +6.214946169e-02 +6.214946169e-02 -9.474378505e+02 -9.474378505e+02 +1.2535e+00 +1.2449e+00
% function evaluation | noise-free fitness - Fopt (1.198100000000e+02) | best noise-free fitness - Fopt | measured fitness | best measured fitness | x1 | x2...
1 +5.132132399e+01 +5.132132399e+01 +1.711313240e+02 +1.711313240e+02 +2.9319e-01 +3.3066e+00
2 +3.559766534e+01 +3.559766534e+01 +1.554076653e+02 +1.554076653e+02 -4.7806e+00 +7.9805e-01
7 +2.156050529e+01 +2.156050529e+01 +1.413705053e+02 +1.413705053e+02 -2.5018e-01 -2.8804e+00
8 +2.752400113e+00 +2.752400113e+00 +1.225624001e+02 +1.225624001e+02 +4.5645e-01 +1.3892e+00
742 +2.224492608e+00 +2.224492608e+00 +1.220344926e+02 +1.220344926e+02 +1.6400e+00 +1.7405e+00
1034 +5.529352870e-01 +5.529352870e-01 +1.203629353e+02 +1.203629353e+02 +1.1859e+00 +9.8566e-01
8820 +3.939421913e-01 +3.939421913e-01 +1.202039422e+02 +1.202039422e+02 +1.5267e+00 +1.1989e+00
27830 +2.171529221e-01 +2.171529221e-01 +1.200271529e+02 +1.200271529e+02 +1.3066e+00 +1.0527e+00
33859 +1.384472645e-01 +1.384472645e-01 +1.199484473e+02 +1.199484473e+02 +1.3663e+00 +1.3199e+00
79068 +7.748553635e-02 +7.748553635e-02 +1.198874855e+02 +1.198874855e+02 +1.1385e+00 +1.1775e+00
% function evaluation | noise-free fitness - Fopt (-1.224900000000e+02) | best noise-free fitness - Fopt | measured fitness | best measured fitness | x1 | x2...
1 +8.921153282e+01 +8.921153282e+01 -3.327846718e+01 -3.327846718e+01 +4.1574e+00 +4.7796e+00
2 +2.795266319e+01 +2.795266319e+01 -9.453733681e+01 -9.453733681e+01 +3.3795e+00 +1.7533e+00
4 +1.149815537e+01 +1.149815537e+01 -1.109918446e+02 -1.109918446e+02 -4.4131e+00 -5.0207e-01
17 +6.438290627e+00 +6.438290627e+00 -1.160517094e+02 -1.160517094e+02 -2.5175e+00 -4.7014e+00
238 +4.889506965e+00 +4.889506965e+00 -1.176004930e+02 -1.176004930e+02 -1.9342e+00 -4.1976e+00
288 +3.777836453e+00 +3.777836453e+00 -1.187121635e+02 -1.187121635e+02 -2.1542e+00 -4.3671e+00
1377 +2.304904554e+00 +2.304904554e+00 -1.201850954e+02 -1.201850954e+02 -3.3567e+00 -3.2409e+00
% function evaluation | noise-free fitness - Fopt (1.829000000000e+01) | best noise-free fitness - Fopt | measured fitness | best measured fitness | x1 | x2...
1 +3.411147352e+01 +3.411147352e+01 +5.240147352e+01 +5.240147352e+01 +3.5515e+00 -3.8607e-01
3 +6.703356189e+00 +6.703356189e+00 +2.499335619e+01 +2.499335619e+01 -3.0862e+00 +4.3303e+00
25 +4.494153502e+00 +4.494153502e+00 +2.278415350e+01 +2.278415350e+01 -4.0753e+00 +4.3912e+00
163 +3.357313379e+00 +3.357313379e+00 +2.164731338e+01 +2.164731338e+01 -3.8087e+00 +2.3394e+00
5998 +2.407184476e+00 +2.407184476e+00 +2.069718448e+01 +2.069718448e+01 -3.1691e+00 +2.6630e+00
% function evaluation | noise-free fitness - Fopt (-1.635000000000e+01) | best noise-free fitness - Fopt | measured fitness | best measured fitness | x1 | x2...
1 +1.223943359e+04 +1.223943359e+04 +1.222308359e+04 +1.222308359e+04 +6.1052e+00 +7.2508e-02
2 +4.796045115e+01 +4.796045115e+01 +3.161045115e+01 +3.161045115e+01 -1.7770e+00 +5.3763e-01
4 +1.045018055e+01 +1.045018055e+01 -5.899819452e+00 -5.899819452e+00 +1.0029e+00 +3.8140e+00
36 +7.585314853e+00 +7.585314853e+00 -8.764685147e+00 -8.764685147e+00 +1.7166e+00 +1.8977e+00
61 +6.001624668e+00 +6.001624668e+00 -1.034837533e+01 -1.034837533e+01 +1.0174e+00 +4.5785e+00
217 +3.814429541e+00 +3.814429541e+00 -1.253557046e+01 -1.253557046e+01 +2.6403e+00 +1.2627e+00
2313 +2.455141232e+00 +2.455141232e+00 -1.389485877e+01 -1.389485877e+01 +3.2742e+00 +3.2658e+00
% function evaluation | noise-free fitness - Fopt (6.840000000000e+00) | best noise-free fitness - Fopt | measured fitness | best measured fitness | x1 | x2...
1 +5.160455222e+01 +5.160455222e+01 +5.844455222e+01 +5.844455222e+01 +1.9173e+00 +3.3876e+00
4 +1.724156088e+01 +1.724156088e+01 +2.408156088e+01 +2.408156088e+01 +2.9532e+00 +1.5767e+00
6 +1.335903729e+01 +1.335903729e+01 +2.019903729e+01 +2.019903729e+01 -2.5100e+00 -4.3250e+00
60 +6.571852736e+00 +6.571852736e+00 +1.341185274e+01 +1.341185274e+01 -3.4110e+00 -2.9384e+00
91 +4.283382611e+00 +4.283382611e+00 +1.112338261e+01 +1.112338261e+01 -4.4979e+00 -2.2087e+00
133 +3.322824357e+00 +3.322824357e+00 +1.016282436e+01 +1.016282436e+01 -3.3103e+00 -3.6374e+00
1363 +2.465150388e+00 +2.465150388e+00 +9.305150388e+00 +9.305150388e+00 -2.3896e+00 -2.7600e+00
% function evaluation | noise-free fitness - Fopt (-2.068000000000e+01) | best noise-free fitness - Fopt | measured fitness | best measured fitness | x1 | x2...
1 +4.178361801e+01 +4.178361801e+01 +2.110361801e+01 +2.110361801e+01 +8.9046e-01 -5.5064e-01
2 +6.455114802e+00 +6.455114802e+00 -1.422488520e+01 -1.422488520e+01 -3.5931e+00 +6.3281e-01
91 +1.725058622e+00 +1.725058622e+00 -1.895494138e+01 -1.895494138e+01 +8.7965e-01 -1.4509e+00
137 +1.334088120e+00 +1.334088120e+00 -1.934591188e+01 -1.934591188e+01 +1.5441e+00 -1.4141e+00
869 +8.999220027e-01 +8.999220027e-01 -1.978007800e+01 -1.978007800e+01 +1.1737e+00 -1.6721e+00
6030 +1.732743643e-01 +1.732743643e-01 -2.050672564e+01 -2.050672564e+01 +1.2435e+00 -1.2561e+00
38941 +7.668428452e-02 +7.668428452e-02 -2.060331572e+01 -2.060331572e+01 +1.2319e+00 -1.3232e+00
45286 +3.295630542e-02 +3.295630542e-02 -2.064704369e+01 -2.064704369e+01 +1.2456e+00 -1.2536e+00
56455 +2.340697185e-02 +2.340697185e-02 -2.065659303e+01 -2.065659303e+01 +1.2481e+00 -1.2519e+00
87715 +1.447655132e-02 +1.447655132e-02 -2.066552345e+01 -2.066552345e+01 +1.2481e+00 -1.2518e+00
% function evaluation | noise-free fitness - Fopt (3.138500000000e+02) | best noise-free fitness - Fopt | measured fitness | best measured fitness | x1 | x2...
1 +1.558514642e+01 +1.558514642e+01 +3.294351464e+02 +3.294351464e+02 +1.9968e+00 -2.5821e+00
75 +3.273927830e+00 +3.273927830e+00 +3.171239278e+02 +3.171239278e+02 +1.2268e+00 -7.1191e-01
470 +1.955245558e+00 +1.955245558e+00 +3.158052456e+02 +3.158052456e+02 +8.7900e-01 -1.6702e+00
2124 +6.238510400e-01 +6.238510400e-01 +3.144738510e+02 +3.144738510e+02 +1.6343e+00 -1.1666e+00
8287 +2.206180916e-01 +2.206180916e-01 +3.140706181e+02 +3.140706181e+02 +1.2497e+00 -1.2477e+00
13449 +1.162990003e-02 +1.162990003e-02 +3.138616299e+02 +3.138616299e+02 +1.2498e+00 -1.2504e+00
% function evaluation | noise-free fitness - Fopt (-1.640200000000e+02) | best noise-free fitness - Fopt | measured fitness | best measured fitness | x1 | x2...
1 +3.701656684e+01 +3.701656684e+01 -1.270034332e+02 -1.270034332e+02 +2.4275e+00 -7.9496e-01
6 +2.343833695e+01 +2.343833695e+01 -1.405816631e+02 -1.405816631e+02 -6.7467e-01 -1.3758e+00
23 +5.931172750e+00 +5.931172750e+00 -1.580888272e+02 -1.580888272e+02 -4.0938e+00 +4.5798e+00
68 +2.824546507e+00 +2.824546507e+00 -1.611954535e+02 -1.611954535e+02 -3.3622e+00 +3.4250e+00
721 +2.246121354e+00 +2.246121354e+00 -1.617738786e+02 -1.617738786e+02 -3.1183e+00 +3.3647e+00
% function evaluation | noise-free fitness - Fopt (-1.000000000000e+03) | best noise-free fitness - Fopt | measured fitness | best measured fitness | x1 | x2...
1 +1.088850432e+04 +1.088850432e+04 +9.888504317e+03 +9.888504317e+03 +6.0406e+00 +4.0811e+00
2 +4.409003675e+01 +4.409003675e+01 -9.559099632e+02 -9.559099632e+02 -2.5480e+00 -8.9418e-01
7 +3.055998307e+01 +3.055998307e+01 -9.694400169e+02 -9.694400169e+02 -1.5274e+00 +1.2920e+00
14 +2.125534402e+00 +2.125534402e+00 -9.978744656e+02 -9.978744656e+02 -5.3121e-01 +1.1672e+00
2886 +1.002545362e+00 +1.002545362e+00 -9.989974546e+02 -9.989974546e+02 -1.2674e+00 +8.2126e-01
4082 +8.447925011e-01 +8.447925011e-01 -9.991552075e+02 -9.991552075e+02 -9.1276e-01 +1.1206e+00
10906 +4.770172871e-01 +4.770172871e-01 -9.995229827e+02 -9.995229827e+02 -1.2674e+00 +1.2667e+00
15942 +2.358813295e-01 +2.358813295e-01 -9.997641187e+02 -9.997641187e+02 -1.3755e+00 +1.3073e+00
114373 +2.288794429e-02 +2.288794429e-02 -9.999771121e+02 -9.999771121e+02 -1.2475e+00 +1.2470e+00
% function evaluation | noise-free fitness - Fopt (-1.001300000000e+02) | best noise-free fitness - Fopt | measured fitness | best measured fitness | x1 | x2...
1 +3.497008038e+01 +3.497008038e+01 -6.515991962e+01 -6.515991962e+01 -3.5175e+00 -1.3240e+00
7 +2.216023333e+01 +2.216023333e+01 -7.796976667e+01 -7.796976667e+01 -2.6407e-01 +3.4284e-01
18 +1.082684421e+01 +1.082684421e+01 -8.930315579e+01 -8.930315579e+01 +4.4975e+00 -3.6549e+00
71 +8.190196495e+00 +8.190196495e+00 -9.193980351e+01 -9.193980351e+01 +3.5210e+00 -3.2114e+00
107 +4.243479154e+00 +4.243479154e+00 -9.588652085e+01 -9.588652085e+01 +2.9259e+00 -4.1543e+00
450 +2.721598193e+00 +2.721598193e+00 -9.740840181e+01 -9.740840181e+01 +2.2468e+00 -2.3210e+00
1073 +2.431000986e+00 +2.431000986e+00 -9.769899901e+01 -9.769899901e+01 +2.6241e+00 -2.8526e+00
% function evaluation | noise-free fitness - Fopt (-3.085000000000e+01) | best noise-free fitness - Fopt | measured fitness | best measured fitness | x1 | x2...
1 +3.280914447e+01 +3.280914447e+01 +1.959144473e+00 +1.959144473e+00 +7.0075e-01 +6.5466e-01
2 +2.269879069e+01 +2.269879069e+01 -8.151209313e+00 -8.151209313e+00 +3.5584e+00 -4.3130e+00
4 +8.742205614e+00 +8.742205614e+00 -2.210779439e+01 -2.210779439e+01 +4.1009e+00 -2.8271e+00
98 +3.095216039e+00 +3.095216039e+00 -2.775478396e+01 -2.775478396e+01 +3.5087e+00 -3.3677e+00
956 +2.426319598e+00 +2.426319598e+00 -2.842368040e+01 -2.842368040e+01 +2.7779e+00 -2.2237e+00
% function evaluation | noise-free fitness - Fopt (-9.200000000000e+00) | best noise-free fitness - Fopt | measured fitness | best measured fitness | x1 | x2...
1 +2.493231140e+01 +2.493231140e+01 +1.573231140e+01 +1.573231140e+01 -1.3886e+00 +8.6362e-03
5 +1.133140752e+01 +1.133140752e+01 +2.131407523e+00 +2.131407523e+00 -2.3106e+00 +8.9832e-01
24 +6.695645361e+00 +6.695645361e+00 -2.504354639e+00 -2.504354639e+00 +1.2047e+00 -1.9216e+00
63 +5.505975402e+00 +5.505975402e+00 -3.694024598e+00 -3.694024598e+00 +1.2645e+00 -1.8839e+00
276 +2.819216234e+00 +2.819216234e+00 -6.380783766e+00 -6.380783766e+00 -2.6088e+00 +1.8695e+00
346 +1.646434708e+00 +1.646434708e+00 -7.553565292e+00 -7.553565292e+00 +1.2651e+00 -1.3110e+00
714 +4.189998556e-01 +4.189998556e-01 -8.781000144e+00 -8.781000144e+00 +1.2697e+00 -9.7598e-01
2894 +1.878123285e-01 +1.878123285e-01 -9.012187671e+00 -9.012187671e+00 +1.2697e+00 -1.0891e+00
3585 +3.378701842e-02 +3.378701842e-02 -9.166212982e+00 -9.166212982e+00 +1.2527e+00 -1.1948e+00
21725 +2.152680717e-02 +2.152680717e-02 -9.178473193e+00 -9.178473193e+00 +1.2527e+00 -1.1946e+00
% function evaluation | noise-free fitness - Fopt (-2.037600000000e+02) | best noise-free fitness - Fopt | measured fitness | best measured fitness | x1 | x2...
1 +2.005076936e+01 +2.005076936e+01 -1.837092306e+02 -1.837092306e+02 +1.3117e+00 -1.2011e+00
8 +6.115200698e+00 +6.115200698e+00 -1.976447993e+02 -1.976447993e+02 +1.6717e+00 +3.9270e+00
165 +2.957855957e+00 +2.957855957e+00 -2.008021440e+02 -2.008021440e+02 +3.0325e+00 +2.8851e+00
3698 +2.340941523e+00 +2.340941523e+00 -2.014190585e+02 -2.014190585e+02 +2.2991e+00 +3.0889e+00
% function evaluation | noise-free fitness - Fopt (3.399000000000e+01) | best noise-free fitness - Fopt | measured fitness | best measured fitness | x1 | x2...
1 +2.261195502e+01 +2.261195502e+01 +5.660195502e+01 +5.660195502e+01 -6.1092e-01 +3.2348e+00
6 +1.266558779e+01 +1.266558779e+01 +4.665558779e+01 +4.665558779e+01 -1.8943e+00 +1.5695e+00
9 +8.640777616e+00 +8.640777616e+00 +4.263077762e+01 +4.263077762e+01 -5.1023e-01 +3.6412e+00
57 +4.849292004e+00 +4.849292004e+00 +3.883929200e+01 +3.883929200e+01 -1.7815e+00 +1.2842e+00
601 +3.386231913e+00 +3.386231913e+00 +3.737623191e+01 +3.737623191e+01 -2.1477e+00 +2.1793e+00
707 +2.174531636e+00 +2.174531636e+00 +3.616453164e+01 +3.616453164e+01 +1.1224e+00 -5.4418e-01
4338 +3.050960591e-01 +3.050960591e-01 +3.429509606e+01 +3.429509606e+01 +1.3107e+00 -1.1670e+00
14200 +1.437368589e-01 +1.437368589e-01 +3.413373686e+01 +3.413373686e+01 +1.3061e+00 -1.1943e+00
43881 +7.355824229e-02 +7.355824229e-02 +3.406355824e+01 +3.406355824e+01 +1.1911e+00 -1.3191e+00
48418 +5.186481723e-03 +5.186481723e-03 +3.399518648e+01 +3.399518648e+01 +1.2497e+00 -1.2525e+00
% function evaluation | noise-free fitness - Fopt (-1.000000000000e+03) | best noise-free fitness - Fopt | measured fitness | best measured fitness | x1 | x2...
1 +5.389545972e+01 +5.389545972e+01 -9.461045403e+02 -9.461045403e+02 +1.1884e+00 +4.1592e+00
3 +2.609135988e+01 +2.609135988e+01 -9.739086401e+02 -9.739086401e+02 +6.2822e-01 +2.5056e+00
6 +9.006883184e+00 +9.006883184e+00 -9.909931168e+02 -9.909931168e+02 -4.0933e+00 -3.5608e+00
47 +5.314677058e+00 +5.314677058e+00 -9.946853229e+02 -9.946853229e+02 -3.5304e+00 -9.4501e-01
108 +3.929528720e+00 +3.929528720e+00 -9.960704713e+02 -9.960704713e+02 +3.4813e-01 +1.6332e+00
2446 +2.472331411e+00 +2.472331411e+00 -9.975276686e+02 -9.975276686e+02 -2.8369e+00 -3.7080e+00
% function evaluation | noise-free fitness - Fopt (-1.000000000000e+03) | best noise-free fitness - Fopt | measured fitness | best measured fitness | x1 | x2...
1 +9.279186919e+01 +9.279186919e+01 -9.072081308e+02 -9.072081308e+02 +3.2782e+00 +4.7266e+00
2 +3.575610191e+01 +3.575610191e+01 -9.642438981e+02 -9.642438981e+02 -3.1516e+00 +1.8870e+00
4 +1.365630030e+01 +1.365630030e+01 -9.863436997e+02 -9.863436997e+02 -3.8754e+00 +1.1775e+00
34 +6.151582417e+00 +6.151582417e+00 -9.938484176e+02 -9.938484176e+02 -1.0100e+00 -4.4585e+00
122 +2.773231033e+00 +2.773231033e+00 -9.972267690e+02 -9.972267690e+02 +1.3287e+00 +1.5460e+00
770 +9.992224015e-01 +9.992224015e-01 -9.990007776e+02 -9.990007776e+02 +1.1581e+00 +1.2352e+00
11673 +4.356298223e-01 +4.356298223e-01 -9.995643702e+02 -9.995643702e+02 +9.6559e-01 +1.1976e+00
11844 +2.999594718e-01 +2.999594718e-01 -9.997000405e+02 -9.997000405e+02 +1.0607e+00 +1.2139e+00
12324 +7.790657939e-02 +7.790657939e-02 -9.999220934e+02 -9.999220934e+02 +1.1486e+00 +1.2356e+00
113417 +1.527966883e-02 +1.527966883e-02 -9.999847203e+02 -9.999847203e+02 +1.2461e+00 +1.2513e+00
% function evaluation | noise-free fitness - Fopt (-1.272000000000e+01) | best noise-free fitness - Fopt | measured fitness | best measured fitness | x1 | x2...
1 +3.790621453e+01 +3.790621453e+01 +2.518621453e+01 +2.518621453e+01 -1.3616e+00 +3.5134e+00
6 +9.150664409e+00 +9.150664409e+00 -3.569335591e+00 -3.569335591e+00 -3.2471e+00 -2.2660e-01
62 +5.618596739e+00 +5.618596739e+00 -7.101403261e+00 -7.101403261e+00 -3.2426e+00 -2.2984e+00
169 +1.160676642e+00 +1.160676642e+00 -1.155932336e+01 -1.155932336e+01 +1.5976e+00 +1.5996e+00
1190 +9.077440353e-01 +9.077440353e-01 -1.181225596e+01 -1.181225596e+01 +1.0634e+00 +1.5785e+00
3636 +4.773425674e-01 +4.773425674e-01 -1.224265743e+01 -1.224265743e+01 +1.2888e+00 +1.2029e+00
4174 +3.884551614e-01 +3.884551614e-01 -1.233154484e+01 -1.233154484e+01 +1.2548e+00 +1.2013e+00
6436 +2.357028965e-02 +2.357028965e-02 -1.269642971e+01 -1.269642971e+01 +1.2718e+00 +1.2029e+00
191797 +1.221575539e-02 +1.221575539e-02 -1.270778424e+01 -1.270778424e+01 +1.2743e+00 +1.2028e+00
% function evaluation | noise-free fitness - Fopt (-5.954000000000e+01) | best noise-free fitness - Fopt | measured fitness | best measured fitness | x1 | x2...
1 +2.042893960e+01 +2.042893960e+01 -3.911106040e+01 -3.911106040e+01 +4.1583e+00 -6.0589e-01
25 +6.353221796e+00 +6.353221796e+00 -5.318677820e+01 -5.318677820e+01 +4.9331e+00 +3.4467e+00
121 +2.602224175e+00 +2.602224175e+00 -5.693777582e+01 -5.693777582e+01 +2.8695e+00 +2.1739e+00
1696 +2.486636551e+00 +2.486636551e+00 -5.705336345e+01 -5.705336345e+01 +2.8980e+00 +3.1073e+00
% function evaluation | noise-free fitness - Fopt (-1.000000000000e+03) | best noise-free fitness - Fopt | measured fitness | best measured fitness | x1 | x2...
1 +4.241400117e+01 +4.241400117e+01 -9.575859988e+02 -9.575859988e+02 +1.1109e+00 -3.6293e+00
3 +2.755664058e+01 +2.755664058e+01 -9.724433594e+02 -9.724433594e+02 +2.3615e+00 -1.5995e+00
6 +2.183930564e+01 +2.183930564e+01 -9.781606944e+02 -9.781606944e+02 +4.4203e+00 -3.6086e+00
22 +6.886079539e+00 +6.886079539e+00 -9.931139205e+02 -9.931139205e+02 +1.6077e+00 -3.4606e+00
91 +6.013391218e+00 +6.013391218e+00 -9.939866088e+02 -9.939866088e+02 -1.1242e+00 +1.1843e+00
272 +3.128472469e+00 +3.128472469e+00 -9.968715275e+02 -9.968715275e+02 +3.0367e+00 -3.1639e+00
1631 +2.476405345e+00 +2.476405345e+00 -9.975235947e+02 -9.975235947e+02 +2.5112e+00 -3.1185e+00
% function evaluation | noise-free fitness - Fopt (4.303000000000e+01) | best noise-free fitness - Fopt | measured fitness | best measured fitness | x1 | x2...
1 +1.023659318e+02 +1.023659318e+02 +1.453959318e+02 +1.453959318e+02 +1.9418e+00 -5.0339e+00
2 +2.849796249e+01 +2.849796249e+01 +7.152796249e+01 +7.152796249e+01 -5.5313e-01 +4.7005e+00
8 +1.096862061e+01 +1.096862061e+01 +5.399862061e+01 +5.399862061e+01 -8.4617e-02 -1.9079e+00
26 +3.612640826e+00 +3.612640826e+00 +4.664264083e+01 +4.664264083e+01 -3.4717e+00 +2.1759e+00
845 +2.198223685e+00 +2.198223685e+00 +4.522822369e+01 +4.522822369e+01 -2.4870e+00 +2.8661e+00
% function evaluation | noise-free fitness - Fopt (-6.139000000000e+01) | best noise-free fitness - Fopt | measured fitness | best measured fitness | x1 | x2...
1 +3.478126479e+01 +3.478126479e+01 -2.660873521e+01 -2.660873521e+01 -4.7483e+00 -5.5662e-01
6 +1.226809241e+01 +1.226809241e+01 -4.912190759e+01 -4.912190759e+01 +3.3774e-02 +1.3041e-01
45 +5.341159764e+00 +5.341159764e+00 -5.604884024e+01 -5.604884024e+01 -2.7185e+00 -3.9987e+00
71 +3.859036665e+00 +3.859036665e+00 -5.753096334e+01 -5.753096334e+01 -2.0607e+00 -2.3430e+00
84 +2.223910338e+00 +2.223910338e+00 -5.916608966e+01 -5.916608966e+01 +1.2576e+00 +1.2529e+00
1443 +3.339003598e-01 +3.339003598e-01 -6.105609964e+01 -6.105609964e+01 +1.5033e+00 +1.2739e+00
11398 +2.019455421e-01 +2.019455421e-01 -6.118805446e+01 -6.118805446e+01 +1.2890e+00 +1.1615e+00
26997 +1.564101320e-01 +1.564101320e-01 -6.123358987e+01 -6.123358987e+01 +1.3032e+00 +1.1574e+00
73177 +4.715401864e-02 +4.715401864e-02 -6.134284598e+01 -6.134284598e+01 +1.3032e+00 +1.1562e+00
% function evaluation | noise-free fitness - Fopt (7.340900000000e+02) | best noise-free fitness - Fopt | measured fitness | best measured fitness | x1 | x2...
1 +8.482650167e+01 +8.482650167e+01 +8.189165017e+02 +8.189165017e+02 +4.0003e+00 +4.8572e+00
2 +3.729088391e+01 +3.729088391e+01 +7.713808839e+02 +7.713808839e+02 +4.0918e+00 -2.9626e+00
9 +1.790632767e+01 +1.790632767e+01 +7.519963277e+02 +7.519963277e+02 -8.0731e-01 -6.1506e-01
18 +1.308394383e+01 +1.308394383e+01 +7.471739438e+02 +7.471739438e+02 -4.9160e+00 -2.9541e+00
84 +3.576615680e+00 +3.576615680e+00 +7.376666157e+02 +7.376666157e+02 -2.0599e+00 -4.1620e+00
305 +1.094739329e+00 +1.094739329e+00 +7.351847393e+02 +7.351847393e+02 +1.3711e+00 +1.7152e+00
16656 +5.486742651e-02 +5.486742651e-02 +7.341448674e+02 +7.341448674e+02 +1.2545e+00 +1.2474e+00
163276 +2.656297566e-02 +2.656297566e-02 +7.341165630e+02 +7.341165630e+02 +1.2545e+00 +1.2478e+00
183634 +4.205519222e-03 +4.205519222e-03 +7.340942055e+02 +7.340942055e+02 +1.2503e+00 +1.2496e+00
% function evaluation | noise-free fitness - Fopt (2.190600000000e+02) | best noise-free fitness - Fopt | measured fitness | best measured fitness | x1 | x2...
1 +5.007821962e+01 +5.007821962e+01 +2.691382196e+02 +2.691382196e+02 +1.5324e+00 +3.6652e+00
2 +2.615395844e+01 +2.615395844e+01 +2.452139584e+02 +2.452139584e+02 -7.0825e-01 +2.3377e+00
3 +1.746988221e+01 +1.746988221e+01 +2.365298822e+02 +2.365298822e+02 +3.6981e+00 -1.9020e+00
4 +6.944133644e+00 +6.944133644e+00 +2.260041336e+02 +2.260041336e+02 +4.0296e+00 -1.9861e+00
20 +3.353610472e+00 +3.353610472e+00 +2.224136105e+02 +2.224136105e+02 +2.1652e+00 -2.3588e+00
403 +2.503601149e+00 +2.503601149e+00 +2.215636011e+02 +2.215636011e+02 -7.6737e-01 +1.7609e+00
8592 +2.608693805e-01 +2.608693805e-01 +2.193208694e+02 +2.193208694e+02 -1.1598e+00 +1.0722e+00
64201 +1.823951739e-01 +1.823951739e-01 +2.192423952e+02 +2.192423952e+02 -1.3092e+00 +1.0758e+00
100779 +1.285470884e-01 +1.285470884e-01 +2.191885471e+02 +2.191885471e+02 -1.0981e+00 +1.2435e+00
149273 +2.817269219e-02 +2.817269219e-02 +2.190881727e+02 +2.190881727e+02 -1.2538e+00 +1.2545e+00
% function evaluation | noise-free fitness - Fopt (1.504200000000e+02) | best noise-free fitness - Fopt | measured fitness | best measured fitness | x1 | x2...
1 +2.823053078e+01 +2.823053078e+01 +1.786505308e+02 +1.786505308e+02 -3.5799e+00 -2.3608e+00
3 +1.931384284e+01 +1.931384284e+01 +1.697338428e+02 +1.697338428e+02 -2.9245e+00 +2.0327e+00
9 +4.548635203e+00 +4.548635203e+00 +1.549686352e+02 +1.549686352e+02 -4.5085e+00 +3.8666e+00
151 +2.975099581e+00 +2.975099581e+00 +1.533950996e+02 +1.533950996e+02 -3.5288e+00 +1.9965e+00
497 +2.324096892e+00 +2.324096892e+00 +1.527440969e+02 +1.527440969e+02 -2.5974e+00 +3.4707e+00
% function evaluation | noise-free fitness - Fopt (-1.547400000000e+02) | best noise-free fitness - Fopt | measured fitness | best measured fitness | x1 | x2...
1 +9.554893863e+00 +9.554893863e+00 -1.451851061e+02 -1.451851061e+02 +6.2953e-01 +3.4754e+00
129 +2.920995525e+00 +2.920995525e+00 -1.518190045e+02 -1.518190045e+02 +4.1032e+00 +2.7956e+00
366 +2.194658991e+00 +2.194658991e+00 -1.525453410e+02 -1.525453410e+02 +2.6351e+00 +3.2755e+00
% function evaluation | noise-free fitness - Fopt (-2.032100000000e+02) | best noise-free fitness - Fopt | measured fitness | best measured fitness | x1 | x2...
1 +1.553258828e+01 +1.553258828e+01 -1.876774117e+02 -1.876774117e+02 +3.5018e+00 -8.2875e-02
12 +6.641326514e+00 +6.641326514e+00 -1.965686735e+02 -1.965686735e+02 +3.8896e+00 -9.6776e-01
79 +5.640712464e+00 +5.640712464e+00 -1.975692875e+02 -1.975692875e+02 +3.7113e+00 -9.8625e-01
599 +3.055016793e+00 +3.055016793e+00 -2.001549832e+02 -2.001549832e+02 +3.4774e+00 -2.5199e+00
790 +2.312168886e+00 +2.312168886e+00 -2.008978311e+02 -2.008978311e+02 +3.3788e+00 -2.7508e+00
% function evaluation | noise-free fitness - Fopt (1.000000000000e+03) | best noise-free fitness - Fopt | measured fitness | best measured fitness | x1 | x2...
1 +2.841814129e+01 +2.841814129e+01 +1.028418141e+03 +1.028418141e+03 +6.6460e-01 -1.4783e+00
4 +7.498218743e+00 +7.498218743e+00 +1.007498219e+03 +1.007498219e+03 -2.1856e+00 -8.4159e-01
144 +5.253728583e+00 +5.253728583e+00 +1.005253729e+03 +1.005253729e+03 -1.0351e+00 -8.4159e-01
562 +2.283466939e+00 +2.283466939e+00 +1.002283467e+03 +1.002283467e+03 +3.3614e+00 +2.8358e+00
% function evaluation | noise-free fitness - Fopt (8.633000000000e+01) | best noise-free fitness - Fopt | measured fitness | best measured fitness | x1 | x2...
1 +6.224660308e+01 +6.224660308e+01 +1.485766031e+02 +1.485766031e+02 -2.4152e-01 +4.5881e+00
4 +2.152981536e+01 +2.152981536e+01 +1.078598154e+02 +1.078598154e+02 -4.8138e+00 +6.5512e-01
7 +1.328110217e+01 +1.328110217e+01 +9.961110217e+01 +9.961110217e+01 -4.2956e+00 +6.2920e-01
51 +8.251330543e+00 +8.251330543e+00 +9.458133054e+01 +9.458133054e+01 -2.7497e+00 -2.9049e+00
52 +3.502425824e+00 +3.502425824e+00 +8.983242582e+01 +8.983242582e+01 -3.6216e+00 -2.2397e+00
2372 +2.426706154e+00 +2.426706154e+00 +8.875670615e+01 +8.875670615e+01 -2.7465e+00 -2.3289e+00
% function evaluation | noise-free fitness - Fopt (1.905300000000e+02) | best noise-free fitness - Fopt | measured fitness | best measured fitness | x1 | x2...
1 +4.989772537e+01 +4.989772537e+01 +2.404277254e+02 +2.404277254e+02 -3.6192e+00 -2.7616e+00
3 +1.562951764e+01 +1.562951764e+01 +2.061595176e+02 +2.061595176e+02 -4.5891e-01 -4.0261e+00
60 +6.857987071e+00 +6.857987071e+00 +1.973879871e+02 +1.973879871e+02 +1.1657e+00 -4.4255e+00
78 +2.239745136e+00 +2.239745136e+00 +1.927697451e+02 +1.927697451e+02 +3.2174e+00 -2.8307e+00
% function evaluation | noise-free fitness - Fopt (3.178000000000e+01) | best noise-free fitness - Fopt | measured fitness | best measured fitness | x1 | x2...
1 +6.712678396e+01 +6.712678396e+01 +9.890678396e+01 +9.890678396e+01 +4.9749e+00 +4.3891e+00
2 +5.353933993e+01 +5.353933993e+01 +8.531933993e+01 +8.531933993e+01 -2.3615e-01 +4.6089e+00
3 +2.674367290e+01 +2.674367290e+01 +5.852367290e+01 +5.852367290e+01 -3.2839e+00 +7.3653e-01
16 +1.568181275e+01 +1.568181275e+01 +4.746181275e+01 +4.746181275e+01 +1.1744e+00 -2.9367e-01
30 +7.056732496e+00 +7.056732496e+00 +3.883673250e+01 +3.883673250e+01 +3.4426e+00 -4.8518e+00
161 +4.273217040e+00 +4.273217040e+00 +3.605321704e+01 +3.605321704e+01 +2.6149e+00 -4.4271e+00
226 +2.959834471e+00 +2.959834471e+00 +3.473983447e+01 +3.473983447e+01 +2.9619e+00 -3.7903e+00
2768 +2.275788128e+00 +2.275788128e+00 +3.405578813e+01 +3.405578813e+01 +2.9031e+00 -2.8459e+00
% function evaluation | noise-free fitness - Fopt (1.741400000000e+02) | best noise-free fitness - Fopt | measured fitness | best measured fitness | x1 | x2...
1 +4.715817379e+01 +4.715817379e+01 +2.212981738e+02 +2.212981738e+02 +9.1629e-01 -3.0992e+00
3 +3.266126253e+01 +3.266126253e+01 +2.068012625e+02 +2.068012625e+02 +2.6900e+00 +3.4540e+00
5 +2.345345891e+01 +2.345345891e+01 +1.975934589e+02 +1.975934589e+02 +4.7324e+00 +3.4412e+00
6 +1.470992418e+01 +1.470992418e+01 +1.888499242e+02 +1.888499242e+02 +5.4211e-01 -4.8483e-01
34 +6.414046765e+00 +6.414046765e+00 +1.805540468e+02 +1.805540468e+02 -2.4309e+00 -1.3469e+00
168 +5.835114768e+00 +5.835114768e+00 +1.799751148e+02 +1.799751148e+02 +1.6354e+00 +3.4646e+00
614 +2.598348015e+00 +2.598348015e+00 +1.767383480e+02 +1.767383480e+02 -1.4379e+00 -7.4808e-01
1127 +1.580107446e+00 +1.580107446e+00 +1.757201074e+02 +1.757201074e+02 -1.2782e+00 -1.5723e+00
3825 +7.604188919e-01 +7.604188919e-01 +1.749004189e+02 +1.749004189e+02 -1.1337e+00 -8.7007e-01
5001 +6.147052401e-01 +6.147052401e-01 +1.747547052e+02 +1.747547052e+02 -1.0809e+00 -1.1307e+00
15665 +1.635036834e-01 +1.635036834e-01 +1.743035037e+02 +1.743035037e+02 -1.2530e+00 -1.2584e+00
32035 +1.565535546e-01 +1.565535546e-01 +1.742965536e+02 +1.742965536e+02 -1.4172e+00 -1.3525e+00
34251 +4.020252378e-02 +4.020252378e-02 +1.741802025e+02 +1.741802025e+02 -1.2511e+00 -1.2516e+00
35551 +3.028822100e-02 +3.028822100e-02 +1.741702882e+02 +1.741702882e+02 -1.2511e+00 -1.2521e+00
66642 +1.194723417e-02 +1.194723417e-02 +1.741519472e+02 +1.741519472e+02 -1.2494e+00 -1.2466e+00
% function evaluation | noise-free fitness - Fopt (1.496600000000e+02) | best noise-free fitness - Fopt | measured fitness | best measured fitness | x1 | x2...
1 +2.142951481e+01 +2.142951481e+01 +1.710895148e+02 +1.710895148e+02 +3.7425e+00 +2.7484e+00
3 +1.335176715e+01 +1.335176715e+01 +1.630117671e+02 +1.630117671e+02 +2.4080e+00 -1.0543e+00
14 +9.394582015e+00 +9.394582015e+00 +1.590545820e+02 +1.590545820e+02 +2.2125e+00 +2.6407e+00
276 +5.407583372e+00 +5.407583372e+00 +1.550675834e+02 +1.550675834e+02 +1.9898e+00 +1.7289e+00
689 +3.821471427e+00 +3.821471427e+00 +1.534814714e+02 +1.534814714e+02 +2.9401e+00 +2.8331e+00
1834 +2.477050976e+00 +2.477050976e+00 +1.521370510e+02 +1.521370510e+02 +3.2234e+00 +2.2988e+00
% function evaluation | noise-free fitness - Fopt (-4.425600000000e+02) | best noise-free fitness - Fopt | measured fitness | best measured fitness | x1 | x2...
1 +4.521591604e+01 +4.521591604e+01 -3.973440840e+02 -3.973440840e+02 +3.0134e+00 -2.7468e+00
2 +1.689378717e+01 +1.689378717e+01 -4.256662128e+02 -4.256662128e+02 +3.6472e+00 -1.7503e+00
14 +9.280245714e+00 +9.280245714e+00 -4.332797543e+02 -4.332797543e+02 +4.2905e+00 +4.4113e+00
52 +6.061135961e+00 +6.061135961e+00 -4.364988640e+02 -4.364988640e+02 +3.3241e+00 +3.9486e+00
243 +3.118853935e+00 +3.118853935e+00 -4.394411461e+02 -4.394411461e+02 +3.7975e+00 +3.2472e+00
789 +2.350916704e+00 +2.350916704e+00 -4.402090833e+02 -4.402090833e+02 -9.0045e-01 -1.4280e+00
2923 +1.382887211e+00 +1.382887211e+00 -4.411771128e+02 -4.411771128e+02 -1.0326e+00 -1.3033e+00
9282 +2.546152411e-01 +2.546152411e-01 -4.423053848e+02 -4.423053848e+02 -1.1428e+00 -1.0765e+00
13122 +2.465126636e-01 +2.465126636e-01 -4.423134873e+02 -4.423134873e+02 -1.1428e+00 -1.0746e+00
94991 +2.752641060e-02 +2.752641060e-02 -4.425324736e+02 -4.425324736e+02 -1.2461e+00 -1.2498e+00
154611 +1.005359208e-02 +1.005359208e-02 -4.425499464e+02 -4.425499464e+02 -1.2535e+00 -1.2498e+00
% function evaluation | noise-free fitness - Fopt (1.583000000000e+01) | best noise-free fitness - Fopt | measured fitness | best measured fitness | x1 | x2...
1 +2.158479686e+01 +2.158479686e+01 +3.741479686e+01 +3.741479686e+01 -2.4384e+00 -1.4586e+00
4 +1.305232387e+01 +1.305232387e+01 +2.888232387e+01 +2.888232387e+01 -1.8872e+00 -4.8515e+00
63 +7.661177316e+00 +7.661177316e+00 +2.349117732e+01 +2.349117732e+01 -3.2863e+00 -5.8070e-01
81 +5.930521562e+00 +5.930521562e+00 +2.176052156e+01 +2.176052156e+01 -8.6620e-01 -1.4586e+00
494 +3.180078290e+00 +3.180078290e+00 +1.901007829e+01 +1.901007829e+01 -3.9548e+00 -2.3163e+00
832 +2.040207129e+00 +2.040207129e+00 +1.787020713e+01 +1.787020713e+01 -2.7860e+00 -2.9156e+00
% function evaluation | noise-free fitness - Fopt (-9.371200000000e+02) | best noise-free fitness - Fopt | measured fitness | best measured fitness | x1 | x2...
1 +5.638808615e+01 +5.638808615e+01 -8.807319138e+02 -8.807319138e+02 +4.4596e+00 -2.1057e+00
4 +4.244768324e+00 +4.244768324e+00 -9.328752317e+02 -9.328752317e+02 +6.8097e-01 +5.7545e-01
248 +2.876478732e+00 +2.876478732e+00 -9.342435213e+02 -9.342435213e+02 -3.6865e+00 -2.1251e+00
601 +2.091305331e+00 +2.091305331e+00 -9.350286947e+02 -9.350286947e+02 +1.0159e+00 +8.4557e-01
5925 +1.125636066e+00 +1.125636066e+00 -9.359943639e+02 -9.359943639e+02 +1.5235e+00 +1.6091e+00
7860 +4.880751662e-01 +4.880751662e-01 -9.366319248e+02 -9.366319248e+02 +1.4327e+00 +1.0502e+00
27149 +2.906648857e-01 +2.906648857e-01 -9.368293351e+02 -9.368293351e+02 +1.3952e+00 +1.0880e+00
29257 +1.420441452e-01 +1.420441452e-01 -9.369779559e+02 -9.369779559e+02 +1.2377e+00 +1.2455e+00
42411 +5.894335854e-02 +5.894335854e-02 -9.370610566e+02 -9.370610566e+02 +1.2954e+00 +1.2129e+00
% function evaluation | noise-free fitness - Fopt (-1.553000000000e+01) | best noise-free fitness - Fopt | measured fitness | best measured fitness | x1 | x2...
1 +3.406741654e+01 +3.406741654e+01 +1.853741654e+01 +1.853741654e+01 -1.5987e+00 -1.2693e+00
2 +1.260534908e+01 +1.260534908e+01 -2.924650916e+00 -2.924650916e+00 +7.6110e-01 +3.9078e-01
79 +9.624917653e+00 +9.624917653e+00 -5.905082347e+00 -5.905082347e+00 +1.5040e+00 +4.4010e+00
167 +4.078405027e+00 +4.078405027e+00 -1.145159497e+01 -1.145159497e+01 +2.4648e+00 +2.0956e+00
223 +3.885560246e+00 +3.885560246e+00 -1.164443975e+01 -1.164443975e+01 +3.1798e+00 +3.8727e+00
3987 +2.413933810e+00 +2.413933810e+00 -1.311606619e+01 -1.311606619e+01 +2.8483e+00 +2.9714e+00
% function evaluation | noise-free fitness - Fopt (1.568800000000e+02) | best noise-free fitness - Fopt | measured fitness | best measured fitness | x1 | x2...
1 +1.018005307e+02 +1.018005307e+02 +2.586805307e+02 +2.586805307e+02 -4.7601e+00 -3.8894e+00
4 +2.956682935e+01 +2.956682935e+01 +1.864468293e+02 +1.864468293e+02 -2.1675e+00 +4.3214e-01
22 +1.808957569e+01 +1.808957569e+01 +1.749695757e+02 +1.749695757e+02 -1.0160e+00 -1.4322e+00
49 +1.482531077e+01 +1.482531077e+01 +1.717053108e+02 +1.717053108e+02 +3.2918e+00 -9.2711e-01
118 +3.728335204e+00 +3.728335204e+00 +1.606083352e+02 +1.606083352e+02 -9.6176e-01 -1.5658e+00
182 +2.413923514e+00 +2.413923514e+00 +1.592939235e+02 +1.592939235e+02 -8.1029e-01 -1.8837e+00
3261 +9.314551318e-01 +9.314551318e-01 +1.578114551e+02 +1.578114551e+02 -1.5610e+00 -1.1332e+00
7343 +3.348266492e-01 +3.348266492e-01 +1.572148266e+02 +1.572148266e+02 -1.4590e+00 -1.1708e+00
33249 +7.990885712e-02 +7.990885712e-02 +1.569599089e+02 +1.569599089e+02 -1.2497e+00 -1.2518e+00
65139 +8.605247183e-03 +8.605247183e-03 +1.568886052e+02 +1.568886052e+02 -1.2520e+00 -1.2477e+00
71429 +3.670169789e-03 +3.670169789e-03 +1.568836702e+02 +1.568836702e+02 -1.2497e+00 -1.2506e+00
% function evaluation | noise-free fitness - Fopt (-5.710000000000e+00) | best noise-free fitness - Fopt | measured fitness | best measured fitness | x1 | x2...
1 +4.416282156e+01 +4.416282156e+01 +3.845282156e+01 +3.845282156e+01 +2.3820e+00 -1.1682e+00
2 +2.758910988e+01 +2.758910988e+01 +2.187910988e+01 +2.187910988e+01 -3.3270e+00 +1.9038e+00
6 +1.410561881e+01 +1.410561881e+01 +8.395618813e+00 +8.395618813e+00 -2.4295e+00 +1.0914e+00
44 +6.951604461e+00 +6.951604461e+00 +1.241604461e+00 +1.241604461e+00 +1.0369e+00 -2.4557e+00
63 +4.153094371e+00 +4.153094371e+00 -1.556905629e+00 -1.556905629e+00 -1.5508e+00 +1.8022e+00
85 +3.977614948e+00 +3.977614948e+00 -1.732385052e+00 -1.732385052e+00 +1.7068e+00 -6.1403e-01
2244 +2.457971102e+00 +2.457971102e+00 -3.252028898e+00 -3.252028898e+00 -3.3820e+00 +2.5999e+00
2854 +1.050253825e+00 +1.050253825e+00 -4.659746175e+00 -4.659746175e+00 +1.5674e+00 -1.1360e+00
16009 +1.421254856e-01 +1.421254856e-01 -5.567874514e+00 -5.567874514e+00 +1.1913e+00 -1.1052e+00
34538 +5.858383691e-02 +5.858383691e-02 -5.651416163e+00 -5.651416163e+00 +1.2519e+00 -1.2440e+00
43278 +2.550375388e-02 +2.550375388e-02 -5.684496246e+00 -5.684496246e+00 +1.2519e+00 -1.2465e+00
85319 +1.535166655e-02 +1.535166655e-02 -5.694648333e+00 -5.694648333e+00 +1.2500e+00 -1.2511e+00
199180 +6.276312646e-03 +6.276312646e-03 -5.703723687e+00 -5.703723687e+00 +1.2508e+00 -1.2477e+00
% function evaluation | noise-free fitness - Fopt (2.413000000000e+01) | best noise-free fitness - Fopt | measured fitness | best measured fitness | x1 | x2...
1 +8.279357475e+02 +8.279357475e+02 +8.520657475e+02 +8.520657475e+02 -1.6614e+00 -5.2713e+00
2 +3.441139537e+01 +3.441139537e+01 +5.854139537e+01 +5.854139537e+01 -1.7650e+00 +3.8990e+00
3 +9.008052507e+00 +9.008052507e+00 +3.313805251e+01 +3.313805251e+01 +3.8210e+00 +3.2806e+00
41 +6.107393152e+00 +6.107393152e+00 +3.023739315e+01 +3.023739315e+01 +4.4463e+00 +2.8720e+00
116 +3.716459880e+00 +3.716459880e+00 +2.784645988e+01 +2.784645988e+01 +2.0842e+00 +3.1537e+00
2127 +2.206810168e+00 +2.206810168e+00 +2.633681017e+01 +2.633681017e+01 +2.5239e+00 +2.6335e+00
% function evaluation | noise-free fitness - Fopt (-5.837000000000e+02) | best noise-free fitness - Fopt | measured fitness | best measured fitness | x1 | x2...
1 +3.015554580e+01 +3.015554580e+01 -5.535444542e+02 -5.535444542e+02 +2.2192e+00 +7.6599e-01
5 +2.332346592e+01 +2.332346592e+01 -5.603765341e+02 -5.603765341e+02 +2.2563e+00 -4.4891e-02
12 +5.312444138e+00 +5.312444138e+00 -5.783875559e+02 -5.783875559e+02 -3.3122e+00 -3.2242e+00
188 +2.637562886e+00 +2.637562886e+00 -5.810624371e+02 -5.810624371e+02 -2.4893e+00 -2.0348e+00
797 +2.509056398e+00 +2.509056398e+00 -5.811909436e+02 -5.811909436e+02 -2.7126e+00 -2.5422e+00
